	B6donor	SC7286	SC7287	SC7288	SC7289	SC7290	SC7291	SC7292	SC7293	SC7294	SC7295	SC7296	SC7297	SC7298	SC7299	SC7476	SC7477	SC7478	SC7479	SC7480	SC7481	SC7482	SC7483	SC7484	SC7485	SC7486	SC7487	SC7488	SC7489	SC7490	SC7491	SC7492	SC7493	SC7494	SC7495	SC7496	SC7497	SC7498	SC7499	SC7576	SC7577	SC7578
B6donor	0.0	0.588926446352	0.610370578803	0.651595832056	0.623182842577	0.606537856849	0.631097743854	0.645991423575	0.609526821026	0.614435350447	0.699967676612	0.666955711095	0.648653909624	0.639859092477	0.671970417631	0.667220907921	0.66530552283	0.680175843447	0.607999641918	0.65365199853	0.638435836136	0.673875025545	0.698894356183	0.69360261561	0.705717752059	0.675192030843	0.703826747071	0.654655863356	0.667610266437	0.657826590207	0.618181487774	0.660896600007	0.646648731689	0.639101939418	0.660997725669	0.636660895268	0.662426742112	0.635926989738	0.662415260248	0.663364576158	0.671961014925	0.66423644863
SC7286	0.588926446352	0.0	0.602495274668	0.639021147988	0.594368563755	0.596918003386	0.619489760426	0.629445922778	0.594453402005	0.621762768581	0.668788585267	0.632403176675	0.633352370848	0.635151471816	0.640560704318	0.632573652894	0.627670126531	0.653677935519	0.598947907693	0.65171838378	0.641295169402	0.670254050214	0.681138590204	0.672276728071	0.683471387034	0.653754821328	0.675613990939	0.638039304558	0.642200082923	0.647593181856	0.59594849335	0.65980509957	0.644067720345	0.631861087355	0.642563215484	0.628664489697	0.650538961655	0.607420031313	0.639498544935	0.637620031764	0.636529199534	0.667898764242
SC7287	0.610370578803	0.602495274668	0.0	0.621299249594	0.584252212204	0.578764639259	0.586098049813	0.623855831494	0.58033203945	0.572262429841	0.696535426482	0.666839298942	0.657896607105	0.646705589743	0.666381033706	0.632597344949	0.664225052321	0.668072017554	0.612648852732	0.611785393997	0.611859857954	0.633946166822	0.655763285639	0.659179659521	0.673461154039	0.634357102035	0.667422506903	0.623003343562	0.645043125239	0.62418899251	0.600750151244	0.620694450834	0.625532225699	0.629582019859	0.63803443047	0.620061168235	0.637342817322	0.60722998401	0.66378921024	0.652525493717	0.68407720073	0.661840838033
SC7288	0.651595832056	0.639021147988	0.621299249594	0.0	0.609760518223	0.618619538607	0.631219572726	0.600832304821	0.627109552072	0.637263913089	0.701206161594	0.676638692591	0.674300927691	0.663795579555	0.669704581073	0.644681928847	0.666189878848	0.668792422451	0.642748815403	0.656013843861	0.671391293151	0.638226668513	0.630136400736	0.63094662618	0.647501741991	0.643639529294	0.65819544407	0.59280565828	0.620782781102	0.617203930406	0.657100667418	0.680397002416	0.682562379758	0.675737734846	0.67220191482	0.651080982496	0.675753997985	0.652453887226	0.666337311614	0.66510578566	0.690528374232	0.673920863636
SC7289	0.623182842577	0.594368563755	0.584252212204	0.609760518223	0.0	0.581256681052	0.604538291295	0.638823879475	0.596650131134	0.613213383754	0.664000759125	0.6482281645	0.646574863454	0.64361612007	0.634330607041	0.612531482686	0.632108722348	0.640083889416	0.604596632162	0.640744835036	0.631908617359	0.669419892855	0.654725404915	0.656801189744	0.659544080847	0.631252871111	0.643746231124	0.630032032468	0.633047828718	0.623867251765	0.6169361486	0.63075378048	0.640789914434	0.651183415523	0.651079719479	0.628190585817	0.653819710783	0.615357038965	0.647299972362	0.647717406907	0.6610515363	0.651987557541
SC7290	0.606537856849	0.596918003386	0.578764639259	0.618619538607	0.581256681052	0.0	0.587778938991	0.620954340883	0.590810931245	0.600409265625	0.668894069322	0.649859622798	0.636906101896	0.64007676547	0.638928058733	0.607131188706	0.641203344456	0.653981062263	0.613769594916	0.62654886156	0.628953550714	0.662517954806	0.649852652567	0.65769089194	0.665744382957	0.631748772541	0.644022117512	0.608546266209	0.622591062708	0.613400322741	0.600029581109	0.63239559177	0.651831336037	0.63788012223	0.651816707182	0.63078459203	0.657905654954	0.612958082409	0.646857774369	0.64734318285	0.668062327604	0.654463454219
SC7291	0.631097743854	0.619489760426	0.586098049813	0.631219572726	0.604538291295	0.587778938991	0.0	0.622830091316	0.600010918917	0.573711356324	0.696231251417	0.661047428727	0.662006789722	0.64775910282	0.66953157594	0.644482380482	0.661091797588	0.684526694939	0.60737300442	0.600240061187	0.618311517608	0.632438428392	0.655232782224	0.664217664781	0.67089756186	0.628595943797	0.643027671945	0.624204534392	0.630032736365	0.620164723368	0.597505278767	0.618469500591	0.622040822952	0.622924651701	0.648304590321	0.629693582496	0.634167586993	0.621177543485	0.66707912431	0.66729082306	0.693071315316	0.655981991617
SC7292	0.645991423575	0.629445922778	0.623855831494	0.600832304821	0.638823879475	0.620954340883	0.622830091316	0.0	0.639931009255	0.613495489216	0.706103396425	0.659261240183	0.662855630752	0.657106802619	0.66900946424	0.647815310271	0.655551971781	0.687153070516	0.632840289191	0.657007445269	0.663480130239	0.62066310484	0.623800143899	0.639345706656	0.645335429778	0.643550735033	0.669811016623	0.61662691676	0.622582177471	0.608305555241	0.639867442125	0.673151984201	0.663787635875	0.65102883047	0.652774690081	0.646159942004	0.654324451787	0.641848240616	0.659400777471	0.650155340901	0.67306498611	0.681115140489
SC7293	0.609526821026	0.594453402005	0.58033203945	0.627109552072	0.596650131134	0.590810931245	0.600010918917	0.639931009255	0.0	0.600120903218	0.667097326474	0.655881602785	0.640032112921	0.637150065103	0.640072467461	0.627627156694	0.657726797598	0.643780035411	0.627035013433	0.635326630419	0.634737999701	0.665500295721	0.682378906131	0.675106333448	0.69400613859	0.650243052621	0.666895482713	0.631424614194	0.644519857147	0.638881048571	0.624920368575	0.653043604608	0.650554337769	0.639789474334	0.656188195073	0.635442109473	0.657175704042	0.625437403135	0.646887813389	0.62967750979	0.654455939233	0.649633860946
SC7294	0.614435350447	0.621762768581	0.572262429841	0.637263913089	0.613213383754	0.600409265625	0.573711356324	0.613495489216	0.600120903218	0.0	0.706214526714	0.674592660607	0.667934253526	0.662508041123	0.682943111993	0.65230745084	0.679290857413	0.682451668986	0.609528050715	0.601341007626	0.606623562638	0.62918990837	0.660760975732	0.678251812591	0.677737182175	0.635333275932	0.663602087648	0.624619690262	0.644997036303	0.62372981891	0.590399063141	0.611937006265	0.614546212393	0.633362838421	0.649095161303	0.625626865826	0.643158385534	0.62542068897	0.680113206474	0.671684510503	0.692781420243	0.663034751961
SC7295	0.699967676612	0.668788585267	0.696535426482	0.701206161594	0.664000759125	0.668894069322	0.696231251417	0.706103396425	0.667097326474	0.706214526714	0.0	0.600024522596	0.575424354493	0.601847836693	0.577656180685	0.600197535465	0.595708926369	0.595860473711	0.683878763197	0.73917262613	0.737193107253	0.738909248811	0.73054210339	0.722157138412	0.737485238037	0.713507839628	0.71132698509	0.675951499809	0.668780800912	0.69730872787	0.697617862328	0.728608750411	0.748724016441	0.723036703632	0.688769840608	0.701405627837	0.714806069646	0.699655422151	0.595021467564	0.611018711242	0.590627109927	0.639846956448
SC7296	0.666955711095	0.632403176675	0.666839298942	0.676638692591	0.6482281645	0.649859622798	0.661047428727	0.659261240183	0.655881602785	0.674592660607	0.600024522596	0.0	0.554605202276	0.571596795057	0.603491982889	0.608927986969	0.597551500778	0.62327429028	0.637428681958	0.702057335391	0.694147954196	0.695679573839	0.710179033084	0.690419679106	0.702775476796	0.676469017049	0.688095670449	0.658315638096	0.633905483396	0.65672778824	0.6491234617	0.693295893457	0.713110474244	0.679783620335	0.653328587445	0.653353512552	0.679866125511	0.651124219438	0.578694908559	0.599847022623	0.583209829756	0.624120068988
SC7297	0.648653909624	0.633352370848	0.657896607105	0.674300927691	0.646574863454	0.636906101896	0.662006789722	0.662855630752	0.640032112921	0.667934253526	0.575424354493	0.554605202276	0.0	0.557172161666	0.583335827469	0.595313533864	0.576953464108	0.586825728192	0.64463945904	0.705125342085	0.698500127389	0.699365066161	0.711462639221	0.691354010481	0.710344671967	0.673772346432	0.69220744088	0.653228633435	0.637185494476	0.656861449274	0.65392529107	0.695161351489	0.708641080308	0.680793023075	0.652264368264	0.657486417296	0.675430918703	0.648367663666	0.569438720873	0.577967425042	0.566687651364	0.615674833948
SC7298	0.639859092477	0.635151471816	0.646705589743	0.663795579555	0.64361612007	0.64007676547	0.64775910282	0.657106802619	0.637150065103	0.662508041123	0.601847836693	0.571596795057	0.557172161666	0.0	0.589914673982	0.61249804304	0.584148257348	0.615113507359	0.63312504974	0.696271850438	0.689251202062	0.678847456228	0.703317528427	0.687847844012	0.693770585484	0.659283900992	0.689656104481	0.641455929555	0.627255974091	0.64463231368	0.655250208447	0.696279953619	0.699741217915	0.66106651672	0.63436823389	0.638511767524	0.651597759679	0.642779123911	0.564496049056	0.573572696639	0.580500504068	0.605467844309
SC7299	0.671970417631	0.640560704318	0.666381033706	0.669704581073	0.634330607041	0.638928058733	0.66953157594	0.66900946424	0.640072467461	0.682943111993	0.577656180685	0.603491982889	0.583335827469	0.589914673982	0.0	0.569880400739	0.568757214398	0.572756007091	0.658101960973	0.717615334868	0.718781694577	0.71239483978	0.70599602848	0.689430159303	0.702585328212	0.674144269798	0.675224202983	0.634614359367	0.64676557326	0.65707613715	0.67281427378	0.709670808747	0.728763752163	0.703484631873	0.664709136191	0.668597167412	0.686695373919	0.666391153301	0.594513125777	0.59490381479	0.604721567608	0.636452508964
SC7476	0.667220907921	0.632573652894	0.632597344949	0.644681928847	0.612531482686	0.607131188706	0.644482380482	0.647815310271	0.627627156694	0.65230745084	0.600197535465	0.608927986969	0.595313533864	0.61249804304	0.569880400739	0.0	0.585702797995	0.586278837579	0.655321573732	0.689530456034	0.694046390256	0.703868262079	0.694291128425	0.670694661767	0.700381734639	0.659489114574	0.672185771475	0.630444782068	0.635937022653	0.643948552247	0.656472564655	0.673963785839	0.709967100123	0.696217474807	0.654330042376	0.653157499353	0.682326867659	0.64885387498	0.611024159523	0.616426004588	0.620030724598	0.631337383834
SC7477	0.66530552283	0.627670126531	0.664225052321	0.666189878848	0.632108722348	0.641203344456	0.661091797588	0.655551971781	0.657726797598	0.679290857413	0.595708926369	0.597551500778	0.576953464108	0.584148257348	0.568757214398	0.585702797995	0.0	0.594745679637	0.651462831977	0.718532425904	0.718035094536	0.693253547606	0.698747323659	0.669104356496	0.681868506661	0.66323235241	0.678384307025	0.637053046497	0.640937462651	0.6419684835	0.657186324441	0.709353588051	0.711828946871	0.696383305099	0.64293408029	0.650295278488	0.680824097804	0.643801609833	0.588581383863	0.59252905494	0.591481858168	0.635217681039
SC7478	0.680175843447	0.653677935519	0.668072017554	0.668792422451	0.640083889416	0.653981062263	0.684526694939	0.687153070516	0.643780035411	0.682451668986	0.595860473711	0.62327429028	0.586825728192	0.615113507359	0.572756007091	0.586278837579	0.594745679637	0.0	0.67384822603	0.720012299419	0.720653733938	0.723604529542	0.709386550821	0.698048652118	0.718813854765	0.691009385335	0.698488357456	0.65615099589	0.657877751573	0.67045416742	0.69444968796	0.714097065966	0.725796498852	0.723855577726	0.682178618968	0.682240210187	0.713077306502	0.682467420799	0.597388846946	0.609399722404	0.613860332461	0.6239450581
SC7479	0.607999641918	0.598947907693	0.612648852732	0.642748815403	0.604596632162	0.613769594916	0.60737300442	0.632840289191	0.627035013433	0.609528050715	0.683878763197	0.637428681958	0.64463945904	0.63312504974	0.658101960973	0.655321573732	0.651462831977	0.67384822603	0.0	0.61519694024	0.594356888255	0.657645291322	0.682613897092	0.677311977854	0.685731582782	0.652138160265	0.695705206939	0.6492971222	0.655946870115	0.639656324063	0.581357733544	0.623087549712	0.610178169593	0.610029605491	0.637953308053	0.6066337055	0.623268635321	0.598068688684	0.642002855596	0.642607642968	0.666452012403	0.65300212873
SC7480	0.65365199853	0.65171838378	0.611785393997	0.656013843861	0.640744835036	0.62654886156	0.600240061187	0.657007445269	0.635326630419	0.601341007626	0.73917262613	0.702057335391	0.705125342085	0.696271850438	0.717615334868	0.689530456034	0.718532425904	0.720012299419	0.61519694024	0.0	0.584771362087	0.656839663033	0.689496184137	0.700654370184	0.719939966033	0.674330618813	0.707027893467	0.667867076179	0.685335857206	0.674152491327	0.627819108744	0.628590686401	0.594033619949	0.644115046981	0.679196218285	0.640459269182	0.659813149837	0.655179359567	0.693240408115	0.695027461915	0.728962701944	0.685405837945
SC7481	0.638435836136	0.641295169402	0.611859857954	0.671391293151	0.631908617359	0.628953550714	0.618311517608	0.663480130239	0.634737999701	0.606623562638	0.737193107253	0.694147954196	0.698500127389	0.689251202062	0.718781694577	0.694046390256	0.718035094536	0.720653733938	0.594356888255	0.584771362087	0.0	0.671453091486	0.695000383148	0.711401358649	0.716827685207	0.677059665297	0.714449565299	0.690083831811	0.689809018582	0.669742048123	0.608912712546	0.601347038242	0.601235417739	0.610226966228	0.658828051481	0.621401643358	0.641869446464	0.625236625729	0.701241268295	0.695589112215	0.728234932669	0.695968936076
SC7482	0.673875025545	0.670254050214	0.633946166822	0.638226668513	0.669419892855	0.662517954806	0.632438428392	0.62066310484	0.665500295721	0.62918990837	0.738909248811	0.695679573839	0.699365066161	0.678847456228	0.71239483978	0.703868262079	0.693253547606	0.723604529542	0.657645291322	0.656839663033	0.671453091486	0.0	0.595030593519	0.63375273321	0.633643452307	0.61123143899	0.658834780763	0.622241034109	0.626167701386	0.612501153019	0.647199438069	0.672555186732	0.644886220438	0.649988816065	0.649325284442	0.646568611264	0.633143020496	0.645138818185	0.692390626552	0.685055627236	0.712186438504	0.66796539074
SC7483	0.698894356183	0.681138590204	0.655763285639	0.630136400736	0.654725404915	0.649852652567	0.655232782224	0.623800143899	0.682378906131	0.660760975732	0.73054210339	0.710179033084	0.711462639221	0.703317528427	0.70599602848	0.694291128425	0.698747323659	0.709386550821	0.682613897092	0.689496184137	0.695000383148	0.595030593519	0.0	0.57116723765	0.553613984937	0.589989220392	0.598365242813	0.621965139645	0.625158197765	0.619977743343	0.658140310679	0.681614856565	0.668683652733	0.679391198413	0.680361989194	0.677359720526	0.680463047483	0.654448228795	0.701751499779	0.697447400773	0.719221024739	0.689216190755
SC7484	0.69360261561	0.672276728071	0.659179659521	0.63094662618	0.656801189744	0.65769089194	0.664217664781	0.639345706656	0.675106333448	0.678251812591	0.722157138412	0.690419679106	0.691354010481	0.687847844012	0.689430159303	0.670694661767	0.669104356496	0.698048652118	0.677311977854	0.700654370184	0.711401358649	0.63375273321	0.57116723765	0.0	0.549415671046	0.580434464701	0.593098660211	0.626125195933	0.625730721505	0.621033269661	0.651093280482	0.695831841966	0.687461254111	0.697900192374	0.686737223163	0.685636819233	0.69291485119	0.65350633941	0.688843743318	0.68614537446	0.700617143786	0.681166098567
SC7485	0.705717752059	0.683471387034	0.673461154039	0.647501741991	0.659544080847	0.665744382957	0.67089756186	0.645335429778	0.69400613859	0.677737182175	0.737485238037	0.702775476796	0.710344671967	0.693770585484	0.702585328212	0.700381734639	0.681868506661	0.718813854765	0.685731582782	0.719939966033	0.716827685207	0.633643452307	0.553613984937	0.549415671046	0.0	0.574645052271	0.592078070657	0.633594342619	0.621945353781	0.620807017194	0.656689263879	0.704234249007	0.686441582341	0.691426474554	0.68831379754	0.686256294318	0.68711478643	0.644300194824	0.701187446487	0.697139892883	0.711850456213	0.683008066746
SC7486	0.675192030843	0.653754821328	0.634357102035	0.643639529294	0.631252871111	0.631748772541	0.628595943797	0.643550735033	0.650243052621	0.635333275932	0.713507839628	0.676469017049	0.673772346432	0.659283900992	0.674144269798	0.659489114574	0.66323235241	0.691009385335	0.652138160265	0.674330618813	0.677059665297	0.61123143899	0.589989220392	0.580434464701	0.574645052271	0.0	0.570446269903	0.617298285001	0.596673679444	0.596119760484	0.622636918485	0.649845926724	0.652662210028	0.654481611858	0.664995162197	0.658895980161	0.661760380346	0.625507060204	0.668767767791	0.675199929519	0.689199538502	0.650242663859
SC7487	0.703826747071	0.675613990939	0.667422506903	0.65819544407	0.643746231124	0.644022117512	0.643027671945	0.669811016623	0.666895482713	0.663602087648	0.71132698509	0.688095670449	0.69220744088	0.689656104481	0.675224202983	0.672185771475	0.678384307025	0.698488357456	0.695705206939	0.707027893467	0.714449565299	0.658834780763	0.598365242813	0.593098660211	0.592078070657	0.570446269903	0.0	0.617632281692	0.620334525648	0.62747678085	0.647219639175	0.674953552533	0.683436059427	0.696992365734	0.703936114962	0.700110855019	0.71062385345	0.6675611658	0.69380096977	0.692789435396	0.706223533181	0.67697431795
SC7488	0.654655863356	0.638039304558	0.623003343562	0.59280565828	0.630032032468	0.608546266209	0.624204534392	0.61662691676	0.631424614194	0.624619690262	0.675951499809	0.658315638096	0.653228633435	0.641455929555	0.634614359367	0.630444782068	0.637053046497	0.65615099589	0.6492971222	0.667867076179	0.690083831811	0.622241034109	0.621965139645	0.626125195933	0.633594342619	0.617298285001	0.617632281692	0.0	0.590237509446	0.596548567032	0.646028503857	0.676027760379	0.678969965656	0.684695512482	0.671336037886	0.662675876462	0.682440956232	0.653231723906	0.638008188844	0.641125847186	0.656441078929	0.647350539953
SC7489	0.667610266437	0.642200082923	0.645043125239	0.620782781102	0.633047828718	0.622591062708	0.630032736365	0.622582177471	0.644519857147	0.644997036303	0.668780800912	0.633905483396	0.637185494476	0.627255974091	0.64676557326	0.635937022653	0.640937462651	0.657877751573	0.655946870115	0.685335857206	0.689809018582	0.626167701386	0.625158197765	0.625730721505	0.621945353781	0.596673679444	0.620334525648	0.590237509446	0.0	0.573482464223	0.643642477234	0.69206745296	0.689327286631	0.657242059272	0.636935267156	0.637975036099	0.646421110341	0.646769507578	0.637028925175	0.623037638116	0.643593513107	0.63218646268
SC7490	0.657826590207	0.647593181856	0.62418899251	0.617203930406	0.623867251765	0.613400322741	0.620164723368	0.608305555241	0.638881048571	0.62372981891	0.69730872787	0.65672778824	0.656861449274	0.64463231368	0.65707613715	0.643948552247	0.6419684835	0.67045416742	0.639656324063	0.674152491327	0.669742048123	0.612501153019	0.619977743343	0.621033269661	0.620807017194	0.596119760484	0.62747678085	0.596548567032	0.573482464223	0.0	0.628465230896	0.676380363321	0.66676000532	0.656760617621	0.634746014933	0.640193834174	0.641342348836	0.621986858112	0.657067041129	0.638368642718	0.672562234606	0.648517793418
SC7491	0.618181487774	0.59594849335	0.600750151244	0.657100667418	0.6169361486	0.600029581109	0.597505278767	0.639867442125	0.624920368575	0.590399063141	0.697617862328	0.6491234617	0.65392529107	0.655250208447	0.67281427378	0.656472564655	0.657186324441	0.69444968796	0.581357733544	0.627819108744	0.608912712546	0.647199438069	0.658140310679	0.651093280482	0.656689263879	0.622636918485	0.647219639175	0.646028503857	0.643642477234	0.628465230896	0.0	0.604900602208	0.606180126143	0.612469298863	0.625581677246	0.608902019625	0.624212192119	0.582151236555	0.668752663595	0.663105793729	0.67651077434	0.651612806237
SC7492	0.660896600007	0.65980509957	0.620694450834	0.680397002416	0.63075378048	0.63239559177	0.618469500591	0.673151984201	0.653043604608	0.611937006265	0.728608750411	0.693295893457	0.695161351489	0.696279953619	0.709670808747	0.673963785839	0.709353588051	0.714097065966	0.623087549712	0.628590686401	0.601347038242	0.672555186732	0.681614856565	0.695831841966	0.704234249007	0.649845926724	0.674953552533	0.676027760379	0.69206745296	0.676380363321	0.604900602208	0.0	0.615730029245	0.649665451757	0.698031454621	0.665265348334	0.678261356844	0.647298255946	0.705553741947	0.708195678359	0.724278019885	0.696766140774
SC7493	0.646648731689	0.644067720345	0.625532225699	0.682562379758	0.640789914434	0.651831336037	0.622040822952	0.663787635875	0.650554337769	0.614546212393	0.748724016441	0.713110474244	0.708641080308	0.699741217915	0.728763752163	0.709967100123	0.711828946871	0.725796498852	0.610178169593	0.594033619949	0.601235417739	0.644886220438	0.668683652733	0.687461254111	0.686441582341	0.652662210028	0.683436059427	0.678969965656	0.689327286631	0.66676000532	0.606180126143	0.615730029245	0.0	0.612083506699	0.656276028501	0.629528895233	0.637785985972	0.618528425476	0.704726018316	0.695097639578	0.728791930679	0.688680658984
SC7494	0.639101939418	0.631861087355	0.629582019859	0.675737734846	0.651183415523	0.63788012223	0.622924651701	0.65102883047	0.639789474334	0.633362838421	0.723036703632	0.679783620335	0.680793023075	0.66106651672	0.703484631873	0.696217474807	0.696383305099	0.723855577726	0.610029605491	0.644115046981	0.610226966228	0.649988816065	0.679391198413	0.697900192374	0.691426474554	0.654481611858	0.696992365734	0.684695512482	0.657242059272	0.656760617621	0.612469298863	0.649665451757	0.612083506699	0.0	0.596505849284	0.588135461327	0.579356729176	0.600609106207	0.677425654875	0.662415747747	0.697411349294	0.675772078243
SC7495	0.660997725669	0.642563215484	0.63803443047	0.67220191482	0.651079719479	0.651816707182	0.648304590321	0.652774690081	0.656188195073	0.649095161303	0.688769840608	0.653328587445	0.652264368264	0.63436823389	0.664709136191	0.654330042376	0.64293408029	0.682178618968	0.637953308053	0.679196218285	0.658828051481	0.649325284442	0.680361989194	0.686737223163	0.68831379754	0.664995162197	0.703936114962	0.671336037886	0.636935267156	0.634746014933	0.625581677246	0.698031454621	0.656276028501	0.596505849284	0.0	0.583076870388	0.572112463873	0.596119247041	0.644801390711	0.620161595705	0.664750994113	0.642430463214
SC7496	0.636660895268	0.628664489697	0.620061168235	0.651080982496	0.628190585817	0.63078459203	0.629693582496	0.646159942004	0.635442109473	0.625626865826	0.701405627837	0.653353512552	0.657486417296	0.638511767524	0.668597167412	0.653157499353	0.650295278488	0.682240210187	0.6066337055	0.640459269182	0.621401643358	0.646568611264	0.677359720526	0.685636819233	0.686256294318	0.658895980161	0.700110855019	0.662675876462	0.637975036099	0.640193834174	0.608902019625	0.665265348334	0.629528895233	0.588135461327	0.583076870388	0.0	0.571246699894	0.572742527201	0.648836608541	0.632196096021	0.677407792004	0.642690803891
SC7497	0.662426742112	0.650538961655	0.637342817322	0.675753997985	0.653819710783	0.657905654954	0.634167586993	0.654324451787	0.657175704042	0.643158385534	0.714806069646	0.679866125511	0.675430918703	0.651597759679	0.686695373919	0.682326867659	0.680824097804	0.713077306502	0.623268635321	0.659813149837	0.641869446464	0.633143020496	0.680463047483	0.69291485119	0.68711478643	0.661760380346	0.71062385345	0.682440956232	0.646421110341	0.641342348836	0.624212192119	0.678261356844	0.637785985972	0.579356729176	0.572112463873	0.571246699894	0.0	0.585199397963	0.671145207749	0.641476443378	0.695094258408	0.657803212396
SC7498	0.635926989738	0.607420031313	0.60722998401	0.652453887226	0.615357038965	0.612958082409	0.621177543485	0.641848240616	0.625437403135	0.62542068897	0.699655422151	0.651124219438	0.648367663666	0.642779123911	0.666391153301	0.64885387498	0.643801609833	0.682467420799	0.598068688684	0.655179359567	0.625236625729	0.645138818185	0.654448228795	0.65350633941	0.644300194824	0.625507060204	0.6675611658	0.653231723906	0.646769507578	0.621986858112	0.582151236555	0.647298255946	0.618528425476	0.600609106207	0.596119247041	0.572742527201	0.585199397963	0.0	0.651753175761	0.64275310148	0.67322078225	0.659160197962
SC7499	0.662415260248	0.639498544935	0.66378921024	0.666337311614	0.647299972362	0.646857774369	0.66707912431	0.659400777471	0.646887813389	0.680113206474	0.595021467564	0.578694908559	0.569438720873	0.564496049056	0.594513125777	0.611024159523	0.588581383863	0.597388846946	0.642002855596	0.693240408115	0.701241268295	0.692390626552	0.701751499779	0.688843743318	0.701187446487	0.668767767791	0.69380096977	0.638008188844	0.637028925175	0.657067041129	0.668752663595	0.705553741947	0.704726018316	0.677425654875	0.644801390711	0.648836608541	0.671145207749	0.651753175761	0.0	0.556343489416	0.567618758887	0.610228523269
SC7576	0.663364576158	0.637620031764	0.652525493717	0.66510578566	0.647717406907	0.64734318285	0.66729082306	0.650155340901	0.62967750979	0.671684510503	0.611018711242	0.599847022623	0.577967425042	0.573572696639	0.59490381479	0.616426004588	0.59252905494	0.609399722404	0.642607642968	0.695027461915	0.695589112215	0.685055627236	0.697447400773	0.68614537446	0.697139892883	0.675199929519	0.692789435396	0.641125847186	0.623037638116	0.638368642718	0.663105793729	0.708195678359	0.695097639578	0.662415747747	0.620161595705	0.632196096021	0.641476443378	0.64275310148	0.556343489416	0.0	0.583823524795	0.604179318551
SC7577	0.671961014925	0.636529199534	0.68407720073	0.690528374232	0.6610515363	0.668062327604	0.693071315316	0.67306498611	0.654455939233	0.692781420243	0.590627109927	0.583209829756	0.566687651364	0.580500504068	0.604721567608	0.620030724598	0.591481858168	0.613860332461	0.666452012403	0.728962701944	0.728234932669	0.712186438504	0.719221024739	0.700617143786	0.711850456213	0.689199538502	0.706223533181	0.656441078929	0.643593513107	0.672562234606	0.67651077434	0.724278019885	0.728791930679	0.697411349294	0.664750994113	0.677407792004	0.695094258408	0.67322078225	0.567618758887	0.583823524795	0.0	0.620778384288
SC7578	0.66423644863	0.667898764242	0.661840838033	0.673920863636	0.651987557541	0.654463454219	0.655981991617	0.681115140489	0.649633860946	0.663034751961	0.639846956448	0.624120068988	0.615674833948	0.605467844309	0.636452508964	0.631337383834	0.635217681039	0.6239450581	0.65300212873	0.685405837945	0.695968936076	0.66796539074	0.689216190755	0.681166098567	0.683008066746	0.650242663859	0.67697431795	0.647350539953	0.63218646268	0.648517793418	0.651612806237	0.696766140774	0.688680658984	0.675772078243	0.642430463214	0.642690803891	0.657803212396	0.659160197962	0.610228523269	0.604179318551	0.620778384288	0.0