	B6donor	SC7286	SC7287	SC7288	SC7289	SC7290	SC7291	SC7292	SC7293	SC7294	SC7295	SC7296	SC7297	SC7298	SC7299	SC7476	SC7477	SC7478	SC7479	SC7480	SC7481	SC7482	SC7483	SC7484	SC7485	SC7486	SC7487	SC7488	SC7489	SC7490	SC7491	SC7492	SC7493	SC7494	SC7495	SC7496	SC7497	SC7498	SC7499	SC7576	SC7577	SC7578
B6donor	0.0	0.187581747595	0.207062377678	0.224759641204	0.234380615037	0.211641024363	0.184502942008	0.240987752038	0.234321115678	0.184684121426	0.417364892659	0.412991723901	0.404277018739	0.375734516516	0.376772719132	0.318280897377	0.434525623707	0.333751097443	0.15403096686	0.234966511882	0.222862408448	0.337575499764	0.481082161707	0.54682843083	0.554368683003	0.457750319717	0.493303058771	0.341874768544	0.378399290814	0.30043162215	0.232549444084	0.249799011559	0.234278787036	0.240938673788	0.324528680205	0.192266573776	0.247805845312	0.271103095592	0.405202599985	0.403601047156	0.441431131723	0.299525983092
SC7286	0.187581747595	0.0	0.186386776897	0.183160929447	0.14771997849	0.200588918415	0.202930760996	0.134531298616	0.159385077638	0.240835380816	0.327576632068	0.324844203134	0.317886622367	0.285873864306	0.226618218639	0.186123511845	0.306232986599	0.232595639796	0.17944495745	0.309128746488	0.274405585874	0.298055984957	0.417254067075	0.439308463942	0.457359028425	0.3824174708	0.415566907531	0.276227693873	0.296646436513	0.223740303413	0.151066832282	0.244869873077	0.258590747655	0.177815437158	0.188264106099	0.178031413336	0.156900168382	0.158270873175	0.29219046763	0.273359085928	0.347608895107	0.256228846853
SC7287	0.207062377678	0.186386776897	0.0	0.13046224098	0.128557750202	0.116627526663	0.101705081357	0.148200296136	0.143483831889	0.13380803649	0.389801199918	0.392819681047	0.389704473346	0.355519030604	0.301636222469	0.24235234404	0.379390637297	0.271973484475	0.175943626977	0.219027696975	0.215537281735	0.257022207639	0.395774852583	0.431086740602	0.463013662687	0.377031601894	0.410266371395	0.257290350687	0.326190617482	0.233816012389	0.131752690898	0.170292673237	0.233716194603	0.194420878892	0.232553912477	0.126201919667	0.165783396113	0.166782060894	0.355455713432	0.338464247545	0.431547900542	0.257498702284
SC7288	0.224759641204	0.183160929447	0.13046224098	0.0	0.128167657895	0.131906541513	0.161698324496	0.112220965283	0.159707954289	0.196953380789	0.350195185201	0.350980074666	0.341600694584	0.312253045897	0.263373683407	0.218078577606	0.329608327109	0.245854350577	0.214774726968	0.262688167148	0.257864779216	0.220794642648	0.351329356209	0.411439111046	0.424161942939	0.339183501559	0.37202265768	0.213936518002	0.259101080147	0.18701224424	0.165759000342	0.241407439882	0.288311166292	0.187234155542	0.210844399735	0.161480229751	0.155344211249	0.183376191512	0.299636923784	0.304198590919	0.369412963799	0.218290650215
SC7289	0.234380615037	0.14771997849	0.128557750202	0.128167657895	0.0	0.119184109601	0.167007620031	0.139626938636	0.160972260165	0.219090703732	0.344005948725	0.358249753726	0.347286491176	0.315347650776	0.241420809528	0.199764108298	0.317173939246	0.231928109869	0.19820728961	0.298813634466	0.274225413258	0.278952441821	0.352350179481	0.399039126854	0.415864529048	0.331662811438	0.361566630225	0.236415306228	0.26353479727	0.16750430725	0.144406581149	0.225283596116	0.272255754193	0.202920085283	0.181474207368	0.161817187566	0.16421608807	0.160667438125	0.299760818107	0.291896530018	0.376360948308	0.213021931619
SC7290	0.211641024363	0.200588918415	0.116627526663	0.131906541513	0.119184109601	0.0	0.105121138341	0.15965409542	0.175175457908	0.160755401371	0.348618901001	0.353038429064	0.347212757279	0.31413965193	0.294117949049	0.235449215053	0.355360786643	0.260905441193	0.199804734871	0.284551900881	0.242924189724	0.282366146185	0.365441365186	0.437862216648	0.439595244239	0.345257379899	0.367962094653	0.238475111197	0.275997762579	0.192575051684	0.165067052899	0.217649681436	0.276442636549	0.191534888433	0.232753207094	0.140686169638	0.162574509776	0.189623016509	0.326391165696	0.325643875029	0.39107303971	0.231061908286
SC7291	0.184502942008	0.202930760996	0.101705081357	0.161698324496	0.167007620031	0.105121138341	0.0	0.153134850083	0.180137851259	0.102275301455	0.385823533118	0.379739960979	0.380091543219	0.339326636639	0.341375723227	0.285819606795	0.391929016698	0.307634945566	0.167722974125	0.233980518724	0.191085017666	0.247447471195	0.387960089026	0.461438850035	0.461342526663	0.363719239239	0.397609074127	0.274546939003	0.317005853856	0.222400390783	0.137734262432	0.161105179501	0.219767205239	0.159129092493	0.242874190504	0.109097134628	0.149041042933	0.175723567662	0.3655989114	0.361453617456	0.420725590054	0.246635876955
SC7292	0.240987752038	0.134531298616	0.148200296136	0.112220965283	0.139626938636	0.15965409542	0.153134850083	0.0	0.162349324588	0.201889303332	0.3261447906	0.320239437526	0.321271150066	0.284425673626	0.246667678625	0.206838523663	0.298056571017	0.263155723675	0.215683482043	0.295595244064	0.267011071934	0.22291402345	0.347871436865	0.385290369552	0.397418434708	0.322161446014	0.354370276616	0.224311300948	0.237035638943	0.159550797599	0.15256223685	0.243853138748	0.294330568491	0.163441075755	0.170847887653	0.160144185419	0.132143671482	0.137534765721	0.278787208819	0.278629369912	0.352114289546	0.228581075849
SC7293	0.234321115678	0.159385077638	0.143483831889	0.159707954289	0.160972260165	0.175175457908	0.180137851259	0.162349324588	0.0	0.212931334559	0.351883269017	0.375401017902	0.37024135317	0.33622468746	0.254963179946	0.199701125054	0.361951922655	0.212304852166	0.197243418244	0.262753736269	0.261360018447	0.316800668937	0.454415201917	0.473710025569	0.503104110596	0.416951456648	0.443235589078	0.299987810761	0.338596464509	0.272921344191	0.171177219011	0.216910363735	0.249799960607	0.174777711312	0.231958608358	0.162021114177	0.196545197844	0.215228316828	0.337378458292	0.315504283001	0.406468340616	0.284528449875
SC7294	0.184684121426	0.240835380816	0.13380803649	0.196953380789	0.219090703732	0.160755401371	0.102275301455	0.201889303332	0.212931334559	0.0	0.430913928278	0.424407790311	0.424075469565	0.391581302865	0.388721843763	0.33158031695	0.442925264831	0.351120763684	0.177537175623	0.191854731548	0.166952146265	0.274607352373	0.433433061827	0.503324870532	0.514384164706	0.412380843773	0.449195479165	0.309454842213	0.363806281636	0.27564209127	0.185859604842	0.14157382713	0.208131397274	0.207003232225	0.302467440135	0.155502525629	0.213640719702	0.231551932956	0.41629508541	0.416268575044	0.459290656786	0.291818925088
SC7295	0.417364892659	0.327576632068	0.389801199918	0.350195185201	0.344005948725	0.348618901001	0.385823533118	0.3261447906	0.351883269017	0.430913928278	0.0	0.248402760972	0.154854629704	0.191296637304	0.190185793888	0.206694422624	0.229231547196	0.218287842122	0.413133548726	0.511216099703	0.470978436496	0.447739575001	0.487896812549	0.513411661386	0.524366580691	0.439235145835	0.464957580828	0.3676923399	0.324250155759	0.330525951034	0.383674050465	0.454185226916	0.50490088652	0.350620066495	0.282602946558	0.365680899107	0.35670793775	0.370535577008	0.187867110834	0.1865243191	0.171695339751	0.329444256789
SC7296	0.412991723901	0.324844203134	0.392819681047	0.350980074666	0.358249753726	0.353038429064	0.379739960979	0.320239437526	0.375401017902	0.424407790311	0.248402760972	0.0	0.12594802712	0.10195001414	0.256490317845	0.276414268171	0.17612297984	0.350080111178	0.4195737833	0.528404602667	0.47970567443	0.414778689687	0.433638663402	0.429277977141	0.432448801415	0.344543322477	0.386145813879	0.3271401373	0.250372510485	0.299434201046	0.363289688789	0.462331288377	0.515025841904	0.353847762761	0.268010829936	0.375100757703	0.342938254061	0.343792216943	0.151600271096	0.152627312849	0.163634885507	0.326084490415
SC7297	0.404277018739	0.317886622367	0.389704473346	0.341600694584	0.347286491176	0.347212757279	0.380091543219	0.321271150066	0.37024135317	0.424075469565	0.154854629704	0.12594802712	0.0	0.0944849463972	0.224691058669	0.246300714075	0.177766192324	0.297493963882	0.420006667092	0.527616922706	0.481612120273	0.413809333865	0.432203924043	0.44792451556	0.456037886883	0.355113740044	0.403444313733	0.322362050097	0.259888998433	0.295825474163	0.364332983367	0.465040759304	0.51640777862	0.356466530667	0.268176841324	0.372629872372	0.341524580461	0.339696051877	0.104336250783	0.122921068005	0.0851048946209	0.306788090883
SC7298	0.375734516516	0.285873864306	0.355519030604	0.312253045897	0.315347650776	0.31413965193	0.339326636639	0.284425673626	0.33622468746	0.391581302865	0.191296637304	0.10195001414	0.0944849463972	0.0	0.198758119796	0.228488991552	0.129935032138	0.292182709398	0.384539489486	0.491556473133	0.44939863245	0.384862369134	0.413202999564	0.43089415007	0.439967569159	0.33263077907	0.386712051734	0.305386114889	0.22903673373	0.265551409439	0.327077076087	0.429708551992	0.478262997639	0.317336711659	0.240322288362	0.33792842172	0.306695073089	0.311229837522	0.123496278662	0.127769894798	0.125091770726	0.292394834096
SC7299	0.376772719132	0.226618218639	0.301636222469	0.263373683407	0.241420809528	0.294117949049	0.341375723227	0.246667678625	0.254963179946	0.388721843763	0.190185793888	0.256490317845	0.224691058669	0.198758119796	0.0	0.1000552091	0.162428525449	0.142526102215	0.340063106926	0.443330162592	0.432692172824	0.362767260931	0.433252904087	0.431658054302	0.460686901228	0.382133701297	0.404797331507	0.28721792711	0.263428595164	0.247388316696	0.28831676546	0.390214299753	0.419522528216	0.305819544518	0.192563526127	0.30502635498	0.290809949598	0.278108487023	0.200692942515	0.184216653058	0.216189327781	0.254187654959
SC7476	0.318280897377	0.186123511845	0.24235234404	0.218078577606	0.199764108298	0.235449215053	0.285819606795	0.206838523663	0.199701125054	0.33158031695	0.206694422624	0.276414268171	0.246300714075	0.228488991552	0.1000552091	0.0	0.232195806974	0.116317899959	0.296250189468	0.384868024166	0.378518572996	0.356982450722	0.426445653402	0.438591715999	0.469412792998	0.388350661409	0.405304370402	0.278762236344	0.276089093089	0.241107269681	0.247575014834	0.337010429231	0.371484949687	0.258602370935	0.191301408697	0.257483833072	0.245190324791	0.256213143087	0.234896489658	0.218143543866	0.280308819894	0.234760396067
SC7477	0.434525623707	0.306232986599	0.379390637297	0.329608327109	0.317173939246	0.355360786643	0.391929016698	0.298056571017	0.361951922655	0.442925264831	0.229231547196	0.17612297984	0.177766192324	0.129935032138	0.162428525449	0.232195806974	0.0	0.280885928519	0.417307997323	0.523897324759	0.488074024058	0.387640866982	0.392979497136	0.377206498894	0.398093880457	0.309860954661	0.361379373708	0.30028377843	0.223968461818	0.262835220004	0.361656063215	0.462240428501	0.514305302357	0.354490910528	0.254585623149	0.361314205463	0.337241961233	0.306597616395	0.144231695308	0.174259567421	0.146835351142	0.304136210938
SC7478	0.333751097443	0.232595639796	0.271973484475	0.245854350577	0.231928109869	0.260905441193	0.307634945566	0.263155723675	0.212304852166	0.351120763684	0.218287842122	0.350080111178	0.297493963882	0.292182709398	0.142526102215	0.116317899959	0.280885928519	0.0	0.30862845408	0.39270920634	0.388020991573	0.402488215483	0.493591864213	0.512301389192	0.539593629647	0.45141108565	0.462236744912	0.332674442251	0.347861396167	0.300826985177	0.280043510766	0.350136172309	0.374872049164	0.299815460006	0.28039389844	0.271588408169	0.295674445293	0.315210244939	0.295049993568	0.281735441846	0.303773812314	0.26463286671
SC7479	0.15403096686	0.17944495745	0.175943626977	0.214774726968	0.19820728961	0.199804734871	0.167722974125	0.215683482043	0.197243418244	0.177537175623	0.413133548726	0.4195737833	0.420006667092	0.384539489486	0.340063106926	0.296250189468	0.417307997323	0.30862845408	0.0	0.165545824288	0.153614525716	0.319784355607	0.45311315988	0.506682519138	0.517320373407	0.439465831787	0.477759701248	0.356208861985	0.384235646405	0.312175464514	0.161504544736	0.161047258696	0.126983014816	0.16956712149	0.266603726384	0.137514073578	0.197261178982	0.220881476849	0.389263321614	0.371275312926	0.455038544968	0.314753459584
SC7480	0.234966511882	0.309128746488	0.219027696975	0.262688167148	0.298813634466	0.284551900881	0.233980518724	0.295595244064	0.262753736269	0.191854731548	0.511216099703	0.528404602667	0.527616922706	0.491556473133	0.443330162592	0.384868024166	0.523897324759	0.39270920634	0.165545824288	0.0	0.0935504452358	0.349576435943	0.512878383368	0.564863618769	0.592601115717	0.508953984936	0.535312587351	0.426904762001	0.479764616454	0.399054357029	0.25217658136	0.136522220504	0.146577849803	0.235987395899	0.368411530971	0.200672136011	0.285068669752	0.301700060628	0.490238801288	0.475993437993	0.56682609354	0.388656854098
SC7481	0.222862408448	0.274405585874	0.215537281735	0.257864779216	0.274225413258	0.242924189724	0.191085017666	0.267011071934	0.261360018447	0.166952146265	0.470978436496	0.47970567443	0.481612120273	0.44939863245	0.432692172824	0.378518572996	0.488074024058	0.388020991573	0.153614525716	0.0935504452358	0.0	0.343887066042	0.476441218386	0.549400654277	0.550649664844	0.471413446061	0.500855433119	0.408195393636	0.445418528458	0.356800435257	0.221402544226	0.098745939991	0.149595206053	0.210882740455	0.343639809304	0.173225663338	0.244777314596	0.258209382184	0.45228159325	0.448854191688	0.51744901368	0.367721781784
SC7482	0.337575499764	0.298055984957	0.257022207639	0.220794642648	0.278952441821	0.282366146185	0.247447471195	0.22291402345	0.316800668937	0.274607352373	0.447739575001	0.414778689687	0.413809333865	0.384862369134	0.362767260931	0.356982450722	0.387640866982	0.402488215483	0.319784355607	0.349576435943	0.343887066042	0.0	0.259462722169	0.32781133098	0.338356750752	0.244846595971	0.286808899387	0.171336839956	0.244675173801	0.201857366895	0.240372906907	0.322254010082	0.35814425221	0.270557698894	0.272221346651	0.256863351964	0.236753053689	0.209779798152	0.376183833991	0.389792272452	0.425268852996	0.234653025374
SC7483	0.481082161707	0.417254067075	0.395774852583	0.351329356209	0.352350179481	0.365441365186	0.387960089026	0.347871436865	0.454415201917	0.433433061827	0.487896812549	0.433638663402	0.432203924043	0.413202999564	0.433252904087	0.426445653402	0.392979497136	0.493591864213	0.45311315988	0.512878383368	0.476441218386	0.259462722169	0.0	0.14470380257	0.136290981462	0.152579997264	0.128260359031	0.249196939025	0.25347065799	0.267740407851	0.367198571777	0.442363109172	0.476006250176	0.387272666501	0.350784565779	0.390788991302	0.356638042163	0.320274988704	0.397094273834	0.410328341069	0.450439113283	0.350228438544
SC7484	0.54682843083	0.439308463942	0.431086740602	0.411439111046	0.399039126854	0.437862216648	0.461438850035	0.385290369552	0.473710025569	0.503324870532	0.513411661386	0.429277977141	0.44792451556	0.43089415007	0.431658054302	0.438591715999	0.377206498894	0.512301389192	0.506682519138	0.564863618769	0.549400654277	0.32781133098	0.14470380257	0.0	0.0626786971839	0.16395214474	0.120668650461	0.282904932849	0.288658744542	0.322618435127	0.392686264363	0.507322466004	0.544822472959	0.432792588546	0.378278152721	0.434184069018	0.406276309689	0.333170798428	0.395081136003	0.41176732901	0.462474960055	0.396401432989
SC7485	0.554368683003	0.457359028425	0.463013662687	0.424161942939	0.415864529048	0.439595244239	0.461342526663	0.397418434708	0.503104110596	0.514384164706	0.524366580691	0.432448801415	0.456037886883	0.439967569159	0.460686901228	0.469412792998	0.398093880457	0.539593629647	0.517320373407	0.592601115717	0.550649664844	0.338356750752	0.136290981462	0.0626786971839	0.0	0.166365655722	0.11708432134	0.295747977716	0.29218535405	0.316849931564	0.409493663015	0.517268468049	0.552838056389	0.442568769436	0.38992762713	0.452495830413	0.410447819866	0.349745425554	0.412008994297	0.427596930198	0.467501761607	0.408256085533
SC7486	0.457750319717	0.3824174708	0.377031601894	0.339183501559	0.331662811438	0.345257379899	0.363719239239	0.322161446014	0.416951456648	0.412380843773	0.439235145835	0.344543322477	0.355113740044	0.33263077907	0.382133701297	0.388350661409	0.309860954661	0.45141108565	0.439465831787	0.508953984936	0.471413446061	0.244846595971	0.152579997264	0.16395214474	0.166365655722	0.0	0.0952119799326	0.208183810253	0.162164281732	0.212138026739	0.328621343992	0.434073272476	0.472089904527	0.368246263946	0.314668250624	0.370045398151	0.333895838043	0.277092572991	0.32359880503	0.348455782466	0.371493610184	0.309678240694
SC7487	0.493303058771	0.415566907531	0.410266371395	0.37202265768	0.361566630225	0.367962094653	0.397609074127	0.354370276616	0.443235589078	0.449195479165	0.464957580828	0.386145813879	0.403444313733	0.386712051734	0.404797331507	0.405304370402	0.361379373708	0.462236744912	0.477759701248	0.535312587351	0.500855433119	0.286808899387	0.128260359031	0.120668650461	0.11708432134	0.0952119799326	0.0	0.227419797523	0.210603123657	0.253512027374	0.369224982832	0.467091883539	0.505139761216	0.408806578031	0.350094424024	0.400280687343	0.373283804239	0.313805548453	0.365076435562	0.38047570367	0.417995746061	0.33747342012
SC7488	0.341874768544	0.276227693873	0.257290350687	0.213936518002	0.236415306228	0.238475111197	0.274546939003	0.224311300948	0.299987810761	0.309454842213	0.3676923399	0.3271401373	0.322362050097	0.305386114889	0.28721792711	0.278762236344	0.30028377843	0.332674442251	0.356208861985	0.426904762001	0.408195393636	0.171336839956	0.249196939025	0.282904932849	0.295747977716	0.208183810253	0.227419797523	0.0	0.146056252829	0.126726781732	0.288013985054	0.376726025392	0.435781436465	0.322052047676	0.232533454609	0.292452607439	0.266767747641	0.234297918139	0.290453039958	0.302581409175	0.3371296879	0.20261887182
SC7489	0.378399290814	0.296646436513	0.326190617482	0.259101080147	0.26353479727	0.275997762579	0.317005853856	0.237035638943	0.338596464509	0.363806281636	0.324250155759	0.250372510485	0.259888998433	0.22903673373	0.263428595164	0.276089093089	0.223968461818	0.347861396167	0.384235646405	0.479764616454	0.445418528458	0.244675173801	0.25347065799	0.288658744542	0.29218535405	0.162164281732	0.210603123657	0.146056252829	0.0	0.128338745902	0.31198818568	0.419133057046	0.464649341097	0.325536971509	0.217402712608	0.326848315606	0.289271478486	0.263001273977	0.230498977512	0.241634192265	0.269627256243	0.219168905638
SC7490	0.30043162215	0.223740303413	0.233816012389	0.18701224424	0.16750430725	0.192575051684	0.222400390783	0.159550797599	0.272921344191	0.27564209127	0.330525951034	0.299434201046	0.295825474163	0.265551409439	0.247388316696	0.241107269681	0.262835220004	0.300826985177	0.312175464514	0.399054357029	0.356800435257	0.201857366895	0.267740407851	0.322618435127	0.316849931564	0.212138026739	0.253512027374	0.126726781732	0.128338745902	0.0	0.231143013566	0.327567879694	0.387475353509	0.266923985632	0.175966904827	0.240294375095	0.210289764145	0.174993765632	0.260962720558	0.271160525638	0.314740223368	0.171874549815
SC7491	0.232549444084	0.151066832282	0.131752690898	0.165759000342	0.144406581149	0.165067052899	0.137734262432	0.15256223685	0.171177219011	0.185859604842	0.383674050465	0.363289688789	0.364332983367	0.327077076087	0.28831676546	0.247575014834	0.361656063215	0.280043510766	0.161504544736	0.25217658136	0.221402544226	0.240372906907	0.367198571777	0.392686264363	0.409493663015	0.328621343992	0.369224982832	0.288013985054	0.31198818568	0.231143013566	0.0	0.160920368017	0.196065152864	0.14250228089	0.195732819821	0.107057379419	0.12077145796	0.106036275165	0.335969326543	0.315516796659	0.402930427471	0.250421071684
SC7492	0.249799011559	0.244869873077	0.170292673237	0.241407439882	0.225283596116	0.217649681436	0.161105179501	0.243853138748	0.216910363735	0.14157382713	0.454185226916	0.462331288377	0.465040759304	0.429708551992	0.390214299753	0.337010429231	0.462240428501	0.350136172309	0.161047258696	0.136522220504	0.098745939991	0.322254010082	0.442363109172	0.507322466004	0.517268468049	0.434073272476	0.467091883539	0.376726025392	0.419133057046	0.327567879694	0.160920368017	0.0	0.139669672112	0.179488842578	0.299311970866	0.145445066469	0.222791810812	0.222629455302	0.434063827852	0.412797286957	0.50028401951	0.345115933181
SC7493	0.234278787036	0.258590747655	0.233716194603	0.288311166292	0.272255754193	0.276442636549	0.219767205239	0.294330568491	0.249799960607	0.208131397274	0.50490088652	0.515025841904	0.51640777862	0.478262997639	0.419522528216	0.371484949687	0.514305302357	0.374872049164	0.126983014816	0.146577849803	0.149595206053	0.35814425221	0.476006250176	0.544822472959	0.552838056389	0.472089904527	0.505139761216	0.435781436465	0.464649341097	0.387475353509	0.196065152864	0.139669672112	0.0	0.206919685301	0.331446671864	0.191426701476	0.248789104398	0.263421863995	0.486814952903	0.465976479258	0.552004436721	0.378352289057
SC7494	0.240938673788	0.177815437158	0.194420878892	0.187234155542	0.202920085283	0.191534888433	0.159129092493	0.163441075755	0.174777711312	0.207003232225	0.350620066495	0.353847762761	0.356466530667	0.317336711659	0.305819544518	0.258602370935	0.354490910528	0.299815460006	0.16956712149	0.235987395899	0.210882740455	0.270557698894	0.387272666501	0.432792588546	0.442568769436	0.368246263946	0.408806578031	0.322052047676	0.325536971509	0.266923985632	0.14250228089	0.179488842578	0.206919685301	0.0	0.188802502598	0.11128166913	0.122213550489	0.158857237194	0.329838490749	0.318558416416	0.39100826566	0.279092858871
SC7495	0.324528680205	0.188264106099	0.232553912477	0.210844399735	0.181474207368	0.232753207094	0.242874190504	0.170847887653	0.231958608358	0.302467440135	0.282602946558	0.268010829936	0.268176841324	0.240322288362	0.192563526127	0.191301408697	0.254585623149	0.28039389844	0.266603726384	0.368411530971	0.343639809304	0.272221346651	0.350784565779	0.378278152721	0.38992762713	0.314668250624	0.350094424024	0.232533454609	0.217402712608	0.175966904827	0.195732819821	0.299311970866	0.331446671864	0.188802502598	0.0	0.208467990435	0.136754771496	0.165120992134	0.224684374689	0.205411541712	0.291501119519	0.225151352176
SC7496	0.192266573776	0.178031413336	0.126201919667	0.161480229751	0.161817187566	0.140686169638	0.109097134628	0.160144185419	0.162021114177	0.155502525629	0.365680899107	0.375100757703	0.372629872372	0.33792842172	0.30502635498	0.257483833072	0.361314205463	0.271588408169	0.137514073578	0.200672136011	0.173225663338	0.256863351964	0.390788991302	0.434184069018	0.452495830413	0.370045398151	0.400280687343	0.292452607439	0.326848315606	0.240294375095	0.107057379419	0.145445066469	0.191426701476	0.11128166913	0.208467990435	0.0	0.128508795518	0.134904283599	0.335578261601	0.325302718716	0.412805840517	0.252801758463
SC7497	0.247805845312	0.156900168382	0.165783396113	0.155344211249	0.16421608807	0.162574509776	0.149041042933	0.132143671482	0.196545197844	0.213640719702	0.35670793775	0.342938254061	0.341524580461	0.306695073089	0.290809949598	0.245190324791	0.337241961233	0.295674445293	0.197261178982	0.285068669752	0.244777314596	0.236753053689	0.356638042163	0.406276309689	0.410447819866	0.333895838043	0.373283804239	0.266767747641	0.289271478486	0.210289764145	0.12077145796	0.222791810812	0.248789104398	0.122213550489	0.136754771496	0.128508795518	0.0	0.115990662022	0.308502248552	0.305605832284	0.375314072911	0.223315342379
SC7498	0.271103095592	0.158270873175	0.166782060894	0.183376191512	0.160667438125	0.189623016509	0.175723567662	0.137534765721	0.215228316828	0.231551932956	0.370535577008	0.343792216943	0.339696051877	0.311229837522	0.278108487023	0.256213143087	0.306597616395	0.315210244939	0.220881476849	0.301700060628	0.258209382184	0.209779798152	0.320274988704	0.333170798428	0.349745425554	0.277092572991	0.313805548453	0.234297918139	0.263001273977	0.174993765632	0.106036275165	0.222629455302	0.263421863995	0.158857237194	0.165120992134	0.134904283599	0.115990662022	0.0	0.293156083799	0.293538960104	0.362231840458	0.234039017954
SC7499	0.405202599985	0.29219046763	0.355455713432	0.299636923784	0.299760818107	0.326391165696	0.3655989114	0.278787208819	0.337378458292	0.41629508541	0.187867110834	0.151600271096	0.104336250783	0.123496278662	0.200692942515	0.234896489658	0.144231695308	0.295049993568	0.389263321614	0.490238801288	0.45228159325	0.376183833991	0.397094273834	0.395081136003	0.412008994297	0.32359880503	0.365076435562	0.290453039958	0.230498977512	0.260962720558	0.335969326543	0.434063827852	0.486814952903	0.329838490749	0.224684374689	0.335578261601	0.308502248552	0.293156083799	0.0	0.0703275789549	0.12861660272	0.277498732964
SC7576	0.403601047156	0.273359085928	0.338464247545	0.304198590919	0.291896530018	0.325643875029	0.361453617456	0.278629369912	0.315504283001	0.416268575044	0.1865243191	0.152627312849	0.122921068005	0.127769894798	0.184216653058	0.218143543866	0.174259567421	0.281735441846	0.371275312926	0.475993437993	0.448854191688	0.389792272452	0.410328341069	0.41176732901	0.427596930198	0.348455782466	0.38047570367	0.302581409175	0.241634192265	0.271160525638	0.315516796659	0.412797286957	0.465976479258	0.318558416416	0.205411541712	0.325302718716	0.305605832284	0.293538960104	0.0703275789549	0.0	0.158658097742	0.291375869877
SC7577	0.441431131723	0.347608895107	0.431547900542	0.369412963799	0.376360948308	0.39107303971	0.420725590054	0.352114289546	0.406468340616	0.459290656786	0.171695339751	0.163634885507	0.0851048946209	0.125091770726	0.216189327781	0.280308819894	0.146835351142	0.303773812314	0.455038544968	0.56682609354	0.51744901368	0.425268852996	0.450439113283	0.462474960055	0.467501761607	0.371493610184	0.417995746061	0.3371296879	0.269627256243	0.314740223368	0.402930427471	0.50028401951	0.552004436721	0.39100826566	0.291501119519	0.412805840517	0.375314072911	0.362231840458	0.12861660272	0.158658097742	0.0	0.321419411048
SC7578	0.299525983092	0.256228846853	0.257498702284	0.218290650215	0.213021931619	0.231061908286	0.246635876955	0.228581075849	0.284528449875	0.291818925088	0.329444256789	0.326084490415	0.306788090883	0.292394834096	0.254187654959	0.234760396067	0.304136210938	0.26463286671	0.314753459584	0.388656854098	0.367721781784	0.234653025374	0.350228438544	0.396401432989	0.408256085533	0.309678240694	0.33747342012	0.20261887182	0.219168905638	0.171874549815	0.250421071684	0.345115933181	0.378352289057	0.279092858871	0.225151352176	0.252801758463	0.223315342379	0.234039017954	0.277498732964	0.291375869877	0.321419411048	0.0