	donor	153	154	155	71	72	73	74	75	2	39	30	69	70	55	54	475	470	476	8626	8627	8628	8629	8630	8631	8632	190	189	187	8633	8634	8635	8636	8637	8640	8641	8642	8643	8644	8638	8639	14	19	22	51	52	53	56	57	58	59	63	13	20	21	64	65	60	61	501	458	66	67	68	62	40	41	42	47	48	49	50	43	44	45	46
donor	0.0	0.138091099303	0.187709134164	0.140965332496	0.148250800949	0.130568926704	0.174756517206	0.174761393704	0.113280668692	0.273782773262	0.16728502102	0.181186637471	0.158658020198	0.134731901875	0.206392278156	0.0967565062357	0.30062637034	0.105022207153	0.171876581317	0.137763369	0.1965898942	0.145751853594	0.217081138018	0.162471571158	0.164070798861	0.278041253434	0.133079351954	0.0977972119782	0.10263226355	0.156487666785	0.262831203498	0.120061438664	0.107279972473	0.0840022996916	0.177475631486	0.131242752622	0.204857636723	0.167279800201	0.138315293401	0.187494059971	0.140092565773	0.189471785084	0.121324367794	0.166082397935	0.194596874822	0.234543687122	0.171619102497	0.119712057245	0.191531215693	0.102541254645	0.180890187825	0.183590197162	0.169054267385	0.18551701148	0.155440534573	0.109905140619	0.111141850244	0.15115440987	0.193041928645	0.224326621861	0.193281061076	0.152453799551	0.226635827322	0.231462583259	0.216295744496	0.245002314175	0.175903979615	0.0888560215222	0.172438175185	0.115199358834	0.206650020001	0.188952705873	0.1469833456	0.168563067417	0.156705919256	0.161729102214
153	0.138091099303	0.0	0.115318129239	0.0562286172272	0.0553686347368	0.0436039539424	0.059147133471	0.0820466430925	0.0331108961593	0.215024816777	0.107013585406	0.193389696834	0.0753676140678	0.0910163841824	0.101566400469	0.0783285608188	0.183778086723	0.105107365165	0.105774637343	0.0594364857448	0.0909998357394	0.0857828477919	0.145384343287	0.071601969198	0.0632152897312	0.178276147354	0.0798171944087	0.179404306298	0.143829937202	0.0605273296439	0.141787234943	0.0485117143927	0.0485895811788	0.0651281209597	0.0783384758599	0.0617592455308	0.0820947536	0.0727630839867	0.105986711193	0.0775766105951	0.0544830276195	0.147149070978	0.0668324136207	0.111626095104	0.112042741592	0.146983762059	0.110537865706	0.0775962404103	0.111449187414	0.055844861844	0.121061384942	0.11404700876	0.137680542182	0.139235037947	0.064212549039	0.0861985371661	0.0902081761268	0.0903979833362	0.113116845284	0.0989032457022	0.1026425961	0.113019975302	0.162512486778	0.198515302549	0.155571828375	0.228293789677	0.130913539955	0.110889797949	0.163172434034	0.0469066229914	0.156219715201	0.110046733583	0.105675097559	0.14323961931	0.142356389261	0.126969484349
154	0.187709134164	0.115318129239	0.0	0.0806854768375	0.102441003826	0.115653619641	0.113554061737	0.109926300791	0.112019078794	0.210663168043	0.109138804875	0.105281430756	0.0659175239516	0.113154354377	0.121187271405	0.114134903591	0.17726090378	0.19881463029	0.0840623299879	0.0808793982486	0.095238344786	0.115793773153	0.086475863907	0.155131024918	0.137661886879	0.184819825259	0.0969875365151	0.187114449719	0.234957061621	0.1054105053	0.140923997497	0.131890488992	0.116662723661	0.146314848546	0.0857395893236	0.139276451281	0.128299887698	0.170566234996	0.132157960735	0.108898238395	0.154581142371	0.0717665761351	0.0917727480081	0.0800059999646	0.0999607840103	0.145340182661	0.0977196833734	0.125781411145	0.118797624482	0.145103302876	0.140246908339	0.134411386844	0.126597900709	0.192814510717	0.0923179105663	0.125906620251	0.142104244102	0.0652802873995	0.12043626777	0.134434287156	0.0651073679776	0.14594548672	0.151608675678	0.122499429738	0.15947329551	0.142454438673	0.055926183357	0.146773188788	0.0935823959181	0.0987400745334	0.0740295300025	0.0567560842688	0.0855321236933	0.0613147035342	0.112943841663	0.0534847573468
155	0.140965332496	0.0562286172272	0.0806854768375	0.0	0.0338690361524	0.061567849534	0.0506096460742	0.0763633264684	0.0573667433796	0.216366192106	0.0761048782968	0.144270117027	0.0398165419049	0.0553752418291	0.0971697952961	0.0719984889533	0.173361339471	0.132244961529	0.072309243544	0.030469155279	0.0839644630583	0.057273020701	0.110848836085	0.102824863449	0.0790675559085	0.167293308726	0.0521363939413	0.184607715217	0.174829001942	0.0657542298217	0.137939732908	0.08042333279	0.0624104621948	0.0895726796408	0.0621952154188	0.0918330328774	0.0795267248151	0.108464544073	0.0823645674822	0.0808823138302	0.0984848175197	0.114088496207	0.041934256279	0.0775955020018	0.0895162508462	0.142032671823	0.0841782357835	0.075014480217	0.0891526129713	0.0764274660936	0.106122811428	0.106860123868	0.110842034318	0.141889011686	0.0478123756096	0.0729988919556	0.0761919103392	0.0590302186186	0.100198797963	0.106207792071	0.081449299574	0.0926825042006	0.146421953266	0.16622002442	0.150068097903	0.199864080678	0.0999577403782	0.129826834292	0.136949963089	0.0392042233887	0.126510850964	0.077731228713	0.0767630098317	0.112201809038	0.116332891901	0.0927892617861
71	0.148250800949	0.0553686347368	0.102441003826	0.0338690361524	0.0	0.0712631103243	0.0532907756931	0.0893128189166	0.0616458412287	0.216097841417	0.076803330486	0.147855152417	0.0582482441068	0.0631223567636	0.114212869119	0.0701976126195	0.181208755322	0.143929241858	0.0948016742129	0.0451025550652	0.0928436252407	0.0706623352511	0.120621984305	0.103683991602	0.0844162281667	0.173707397924	0.0521922286279	0.191908429973	0.183316888948	0.0754221788949	0.149242173733	0.0832844272881	0.0693312484286	0.0975252531213	0.071487694058	0.0895876715666	0.0887837349871	0.111701656755	0.0924965530196	0.0846021223932	0.101472024148	0.128806675658	0.045462780872	0.0838569223788	0.0953817597954	0.153675325886	0.0927528354098	0.0728399901146	0.0993845843212	0.0807951001366	0.117398894225	0.118250528815	0.12405262667	0.144871133773	0.0637588388769	0.0747065051718	0.0899131421363	0.0635456036674	0.0958071878499	0.109861679814	0.0906984288117	0.0960716861862	0.161426116589	0.173937957888	0.156400058168	0.206805435236	0.114154666952	0.124162180308	0.144187521826	0.049995331418	0.139777885027	0.0882599231843	0.0836974491146	0.125711768155	0.123179965585	0.107533381373
72	0.130568926704	0.0436039539424	0.115653619641	0.061567849534	0.0712631103243	0.0	0.0528765744552	0.102492450714	0.0478992690496	0.235923925571	0.121791192937	0.176928089431	0.0636980098827	0.0810823491892	0.120014384606	0.0645303053965	0.199502132017	0.125712222445	0.116740800133	0.0610412017415	0.0900868116823	0.0610872935736	0.134319117717	0.095334608357	0.0831899120248	0.16614002176	0.0567610371138	0.171674303563	0.148278955319	0.0609672622336	0.145744054636	0.0725173123517	0.032819438746	0.0697050938996	0.0808336554412	0.0818662562429	0.10341661551	0.0630516915325	0.0846941081519	0.0847099169989	0.0589197435563	0.15148835634	0.0747119375924	0.125419612644	0.127731823848	0.169892656944	0.125200441321	0.0884610719182	0.125230243454	0.0630027698246	0.136351087437	0.13663902142	0.149027350342	0.164673992723	0.0625181743207	0.0846264450505	0.0978354546496	0.0996869878241	0.129370317799	0.113538850599	0.108683286204	0.104850204919	0.14601625758	0.19992743699	0.152740867173	0.242985524459	0.120231097528	0.118710673781	0.156536208115	0.0581790402688	0.172698593015	0.109525817028	0.104337962724	0.154878201893	0.15828608815	0.136222540157
73	0.174756517206	0.059147133471	0.113554061737	0.0506096460742	0.0532907756931	0.0528765744552	0.0	0.0895425031422	0.0740615466237	0.215242589478	0.107046247144	0.179941354876	0.0576119991701	0.0946754405394	0.097261955625	0.100727936532	0.1641040404	0.13431211459	0.11600142829	0.0593190800383	0.0766698924436	0.0677484679808	0.115366936167	0.100617601772	0.0788608780735	0.135606228159	0.0664663414077	0.217538140662	0.176744135066	0.0579971058325	0.11032603003	0.0774763013713	0.079750185535	0.10583721533	0.0709009305253	0.107692534037	0.0754957502199	0.0747149603738	0.090481358167	0.0788690557392	0.07520260842	0.152520363913	0.0737129433498	0.115081939072	0.122162689973	0.15775828855	0.12442975875	0.103281635875	0.110292927606	0.0945282001654	0.124892273754	0.123841238261	0.144105563458	0.144080708056	0.0636947060735	0.107207869365	0.110442664621	0.0965454850403	0.12473059289	0.0906819044265	0.103034461783	0.124238880058	0.163520356567	0.206877846506	0.166322671031	0.240419298289	0.13777358298	0.160841071918	0.176237784502	0.073254959212	0.171453966472	0.0995236633725	0.116845194398	0.153924929849	0.154971065694	0.135576937363
74	0.174761393704	0.0820466430925	0.109926300791	0.0763633264684	0.0893128189166	0.102492450714	0.0895425031422	0.0	0.0858573437321	0.194175079403	0.0912990540418	0.194702594233	0.070883825434	0.0877991987234	0.0659232244496	0.116719901778	0.145660974532	0.146302231409	0.0740669088374	0.067976568186	0.0889298084205	0.0987303781831	0.14358901859	0.0872424371634	0.0770320650967	0.16262746261	0.119953948708	0.228916834621	0.184030560594	0.0732686943038	0.130314986219	0.0848882914084	0.1139443434	0.102590795974	0.0734458953124	0.108423079895	0.0878700728605	0.13503888052	0.124958201021	0.0597368230713	0.122157686019	0.129189118033	0.0737834034692	0.0831467567289	0.0770184023457	0.106968330027	0.0855051284125	0.0800218421471	0.0844000481132	0.0981429859276	0.0858728415347	0.0674366818709	0.088194197422	0.124537286012	0.0540109873255	0.110796641818	0.120921522643	0.0783046867441	0.0884960639127	0.0776090196363	0.0964178992848	0.0985379110059	0.138227167292	0.169343617041	0.127355487609	0.19250755662	0.113791848617	0.161547799197	0.141425360833	0.0921763624278	0.125834778967	0.10711546907	0.0970328918729	0.122857329811	0.119669872084	0.112506052404
75	0.113280668692	0.0331108961593	0.112019078794	0.0573667433796	0.0616458412287	0.0478992690496	0.0740615466237	0.0858573437321	0.0	0.221806086327	0.109229115247	0.188280995275	0.0752544208498	0.0880009223617	0.112213639195	0.0743471676735	0.201879364834	0.0955553686665	0.0968971205067	0.0628754373756	0.107892144964	0.0954099163758	0.153693302032	0.0746264033121	0.0688908919626	0.200107333722	0.0892923341152	0.15391038125	0.129627440679	0.061981177366	0.156296769169	0.0318885033236	0.0532957717886	0.0423305844139	0.0876406280804	0.0570446972072	0.102830809674	0.0955763596483	0.120267111161	0.0881792031152	0.0646375320757	0.143206479114	0.0595121267217	0.112151248981	0.107061511215	0.147826643136	0.100285389452	0.0665203422091	0.111163117391	0.0471794726897	0.116981724752	0.115346647964	0.128634956141	0.141313006673	0.0696131068425	0.0814017368615	0.0808924933306	0.0810284785868	0.111935034205	0.121951658025	0.116649364042	0.10717508986	0.16679584359	0.194117235936	0.159245711489	0.218629589868	0.134015556165	0.114437022003	0.16007056421	0.0390136686236	0.149759614876	0.122353745974	0.0992819322434	0.129365669271	0.134341029587	0.111742294054
2	0.273782773262	0.215024816777	0.210663168043	0.216366192106	0.216097841417	0.235923925571	0.215242589478	0.194175079403	0.221806086327	0.0	0.1750029207	0.256854222299	0.207338233082	0.229604122186	0.163401174568	0.250102535134	0.22387291415	0.244778843535	0.17852631493	0.217364485492	0.212508804488	0.243917996233	0.239770954606	0.1982848197	0.218361162087	0.256371801701	0.2428575121	0.331633561713	0.269942206385	0.200831054741	0.145805607754	0.208030601598	0.252439495502	0.247153277296	0.20697721092	0.179395456632	0.158041666287	0.2555986583	0.270452772345	0.183243603172	0.239193495061	0.234300626489	0.215365724995	0.2010057525	0.156058212587	0.171931757728	0.180844415916	0.189195162311	0.161704836945	0.223162453398	0.13250283629	0.172372862627	0.173875949753	0.152239599675	0.215664103818	0.224106627514	0.212404351446	0.214761621352	0.149595963157	0.187762167608	0.17394954776	0.236969256609	0.245597663229	0.261797576572	0.239462316069	0.250547462098	0.231344565025	0.256131037278	0.236765221023	0.219935262645	0.208047805709	0.212102841242	0.229818658643	0.211506814897	0.171650772016	0.212948547393
39	0.16728502102	0.107013585406	0.109138804875	0.0761048782968	0.076803330486	0.121791192937	0.107046247144	0.0912990540418	0.109229115247	0.1750029207	0.0	0.155085957286	0.0783276973244	0.104850466873	0.10049224498	0.116887550114	0.170867524456	0.172339237551	0.0708819712663	0.086204499471	0.107045448336	0.10400478469	0.133872318365	0.113755173835	0.134979429085	0.19393791704	0.0989287906956	0.215449969956	0.209975337669	0.0962655134448	0.136036617606	0.121887418921	0.117202681341	0.141622119464	0.0813590895014	0.073679861396	0.0848194265131	0.157251124343	0.128069881369	0.0731826184556	0.140946764027	0.153595079503	0.0901226342779	0.0745735479185	0.0794807655111	0.14019836488	0.0774573086761	0.0860160278745	0.0676341088044	0.114680365368	0.0840479789137	0.0813714630772	0.0917382878048	0.14269576514	0.0970073528844	0.112926428281	0.115891689192	0.0953126201756	0.0727530438417	0.105295938585	0.062346890431	0.125581039783	0.184112614833	0.186268966489	0.182377480802	0.182207560962	0.134513751048	0.154338658929	0.144578096005	0.0905768369319	0.128243264826	0.106127142159	0.107753236467	0.114153453405	0.0951980301506	0.105923472723
30	0.181186637471	0.193389696834	0.105281430756	0.144270117027	0.147855152417	0.176928089431	0.179941354876	0.194702594233	0.188280995275	0.256854222299	0.155085957286	0.0	0.149309888177	0.147014326198	0.206677637726	0.135594365598	0.243479788247	0.230859995693	0.173517143442	0.161013399352	0.175550091421	0.148025712926	0.146061397098	0.222272155079	0.213654392832	0.222389737356	0.133880555277	0.182148436451	0.24264893042	0.20189684802	0.23154315952	0.20899405233	0.16919660145	0.205889245925	0.178755952447	0.195368578184	0.21304936912	0.223966200757	0.164715580926	0.204393838685	0.225778419268	0.11813456623	0.155461741686	0.12719890094	0.176717143377	0.219593513196	0.171050027718	0.181197154956	0.162532417953	0.176541224274	0.185269243009	0.181714989369	0.172187873173	0.238519511088	0.170944257428	0.150862107451	0.175836266258	0.127383825802	0.18220886908	0.227666111373	0.149105638856	0.177241547813	0.211357228331	0.156478580715	0.204975271369	0.178385523624	0.0963328790628	0.158741569567	0.0958308162241	0.163200448782	0.139508234907	0.11871033924	0.135660018576	0.0979619736722	0.165983233539	0.114728534396
69	0.158658020198	0.0753676140678	0.0659175239516	0.0398165419049	0.0582482441068	0.0636980098827	0.0576119991701	0.070883825434	0.0752544208498	0.207338233082	0.0783276973244	0.149309888177	0.0	0.0664893743492	0.0850303068676	0.0871379657167	0.166313304027	0.156076727722	0.0672207863813	0.0357088007752	0.068662137422	0.0596992772078	0.0980954321149	0.119387537621	0.0934613631104	0.156477795318	0.0678236364641	0.20219676348	0.197346151222	0.0619414366589	0.11623333337	0.0931401755463	0.0696510465772	0.110399321147	0.0395760616884	0.103751878087	0.0881745886527	0.116646071473	0.0845678363529	0.0604141412865	0.103254958892	0.112488013535	0.0589562907382	0.0756042012268	0.0867157098116	0.136868655713	0.0748540399698	0.088137231855	0.0895305700349	0.0986278461858	0.0998341398386	0.101035112908	0.105882505241	0.157038272312	0.0442815990308	0.0889409789895	0.102809915268	0.0526747089672	0.0902687911365	0.0914586626932	0.062430131694	0.103033005997	0.135952890936	0.164384753443	0.146042667991	0.193912105981	0.0979716923906	0.151262423551	0.139018842562	0.0610658330228	0.120392726939	0.066780484936	0.0729019143267	0.101394361252	0.109712535135	0.0825287148485
70	0.134731901875	0.0910163841824	0.113154354377	0.0553752418291	0.0631223567636	0.0810823491892	0.0946754405394	0.0877991987234	0.0880009223617	0.229604122186	0.104850466873	0.147014326198	0.0664893743492	0.0	0.106073398824	0.0614935372661	0.198370347877	0.144064446901	0.105346228349	0.0514479857707	0.110970443486	0.0607270312698	0.141852595778	0.110142348581	0.0855570032093	0.157362819523	0.0737564603929	0.171938382357	0.165123545286	0.103120516159	0.176374446433	0.102684497192	0.0799588929155	0.106339593737	0.0882928016795	0.116255859025	0.116211315869	0.130629071903	0.0984157245183	0.101861534998	0.126217430339	0.122824736381	0.0483823178777	0.086872301385	0.100523678226	0.138084569094	0.0811852798062	0.085163772054	0.0898887903315	0.0665034018445	0.110439825654	0.0935919809095	0.0992722473395	0.147131918903	0.0626211559759	0.0456475403447	0.0796535428256	0.0567204507415	0.105123518756	0.11817850708	0.113307103373	0.0551492938665	0.1258245422	0.13511445931	0.122001214059	0.217202307547	0.0850225113752	0.117415075945	0.123201864795	0.0605622013511	0.118143912595	0.0985622460512	0.056547073744	0.119675157708	0.120725798595	0.0927418129894
55	0.206392278156	0.101566400469	0.121187271405	0.0971697952961	0.114212869119	0.120014384606	0.097261955625	0.0659232244496	0.112213639195	0.163401174568	0.10049224498	0.206677637726	0.0850303068676	0.106073398824	0.0	0.14008564471	0.133808122384	0.149134758775	0.0647739203253	0.0815156103822	0.108746115502	0.109668616709	0.161981598537	0.07778977147	0.0750563320115	0.147443329448	0.135672777695	0.251387380304	0.184061605177	0.0854433248741	0.0857916737538	0.0979130207215	0.132009527483	0.14029484227	0.0834414926746	0.113820510854	0.0461570774302	0.130760288774	0.154692265769	0.0631430871898	0.123137447552	0.149953569244	0.10486890953	0.116487287854	0.0680974362787	0.0877032879471	0.0709555875198	0.106442130773	0.0610420928539	0.114120532323	0.0715476143442	0.0649942048959	0.0891353082927	0.0950198564943	0.0816413640317	0.1249537665	0.134596012031	0.0968649162385	0.0814037144458	0.0596466309088	0.0901227819606	0.124568298593	0.146398468667	0.188362932141	0.145515130955	0.223534237833	0.131039081417	0.192715896435	0.171670465303	0.104167866772	0.125134889569	0.114539324501	0.108018430736	0.139311799718	0.103431229625	0.120984085806
54	0.0967565062357	0.0783285608188	0.114134903591	0.0719984889533	0.0701976126195	0.0645303053965	0.100727936532	0.116719901778	0.0743471676735	0.250102535134	0.116887550114	0.135594365598	0.0871379657167	0.0614935372661	0.14008564471	0.0	0.223696416907	0.142435710921	0.12778433612	0.070217111541	0.125078577104	0.0764884605426	0.139809499883	0.105964933754	0.0937105740722	0.202815514353	0.057233442342	0.133476797219	0.145744950917	0.108902850297	0.188054648809	0.0908736886585	0.0542437971119	0.0909506831365	0.110604193781	0.100080131229	0.132886555782	0.113191088028	0.0951496294741	0.121144375025	0.11108909316	0.131094653385	0.0557228592267	0.0947790678822	0.128314869663	0.180372415215	0.114793321125	0.0812458538577	0.127301616661	0.0694656343096	0.139875238119	0.137008142036	0.139348799482	0.161036704176	0.087423470062	0.0596072324191	0.0975546136849	0.0696883638956	0.128973936096	0.147980756608	0.116517662235	0.0892263876683	0.166611964019	0.15883040764	0.157436851906	0.221053394079	0.100350419099	0.0888833763326	0.127764289874	0.0586566388075	0.141015542887	0.102583694931	0.0746678676437	0.125727460311	0.128063418598	0.10279357114
475	0.30062637034	0.183778086723	0.17726090378	0.173361339471	0.181208755322	0.199502132017	0.1641040404	0.145660974532	0.201879364834	0.22387291415	0.170867524456	0.243479788247	0.166313304027	0.198370347877	0.133808122384	0.223696416907	0.0	0.245219774341	0.168025706195	0.168291097071	0.156430653745	0.183852781462	0.166938784194	0.165184079459	0.160526860265	0.129118191101	0.20404294234	0.34348612489	0.283514464126	0.171550649571	0.160863975795	0.187247238939	0.213276067201	0.230785957853	0.171951157912	0.20421238624	0.144120586297	0.204408365157	0.227213152341	0.152051004088	0.198007816913	0.192602777476	0.187812831194	0.166734532498	0.153083509107	0.124680746438	0.168330205682	0.189993802547	0.155105542751	0.210723326929	0.188543508594	0.146033466558	0.175792084263	0.170023429295	0.156830548161	0.22151472212	0.228179926259	0.193915734983	0.170115755355	0.132783490639	0.145141184332	0.204430842406	0.177067533932	0.167966487251	0.203325538272	0.226710031316	0.188195099209	0.283330025803	0.240038953487	0.194386346872	0.162528800944	0.152024292925	0.209998551602	0.213481878749	0.220986379508	0.206786240429
470	0.105022207153	0.105107365165	0.19881463029	0.132244961529	0.143929241858	0.125712222445	0.13431211459	0.146302231409	0.0955553686665	0.244778843535	0.172339237551	0.230859995693	0.156076727722	0.144064446901	0.149134758775	0.142435710921	0.245219774341	0.0	0.171673047804	0.138827894463	0.183281109079	0.159207884926	0.225756283958	0.0974654528701	0.0992818126707	0.217710964959	0.164503962661	0.160851261491	0.0823064996052	0.143692096584	0.196373926181	0.0866114726697	0.13024676004	0.0858010054704	0.171183575869	0.125488946098	0.152911597432	0.126559712647	0.178269019484	0.173062879849	0.0976990887461	0.205789393278	0.134447114303	0.167949327711	0.190032202044	0.208838933611	0.174183771697	0.121319448166	0.157515806044	0.0907613223103	0.158673346533	0.148937337444	0.172631951932	0.141584349012	0.140008292331	0.122587571985	0.106405508407	0.156276709327	0.181307299292	0.164670311671	0.201811146851	0.167147796278	0.234071434051	0.250996496009	0.223796117129	0.261390943084	0.19798339752	0.139508636135	0.195744367184	0.109974398875	0.213903581263	0.192029093979	0.164916537492	0.1823528875	0.181779262567	0.178871518005
476	0.171876581317	0.105774637343	0.0840623299879	0.072309243544	0.0948016742129	0.116740800133	0.11600142829	0.0740669088374	0.0968971205067	0.17852631493	0.0708819712663	0.173517143442	0.0672207863813	0.105346228349	0.0647739203253	0.12778433612	0.168025706195	0.171673047804	0.0	0.0712313486482	0.0984163010931	0.108786977104	0.134882732656	0.113830307305	0.123992038278	0.195676148786	0.112359118481	0.219001263253	0.20492544236	0.0753254231307	0.10572724567	0.108724145283	0.110853666624	0.114718695157	0.076004370074	0.0963985446597	0.0793002580111	0.152278856237	0.121321415772	0.0668863677549	0.138752573288	0.117920879953	0.0823160686269	0.0940911827832	0.0486806925179	0.092293969095	0.0493015422832	0.0910340756908	0.0700461993333	0.123106327787	0.077880681813	0.0837321301907	0.0936082897086	0.135699149746	0.0819625000551	0.118091141106	0.119745249307	0.0857980213546	0.0672344092065	0.106964543989	0.0681942950468	0.127543300958	0.157844038166	0.178469717211	0.15769916035	0.178504302822	0.114126203506	0.162838179072	0.136800106714	0.0827350711985	0.105215054714	0.100778219331	0.0939581824867	0.104373931911	0.0828485604547	0.0934549664344
8626	0.137763369	0.0594364857448	0.0808793982486	0.030469155279	0.0451025550652	0.0610412017415	0.0593190800383	0.067976568186	0.0628754373756	0.217364485492	0.086204499471	0.161013399352	0.0357088007752	0.0514479857707	0.0815156103822	0.070217111541	0.168291097071	0.138827894463	0.0712313486482	0.0	0.0689590537475	0.0479451446829	0.109370363651	0.101809178795	0.0777234284559	0.15815476866	0.0616071670771	0.182339034122	0.174105655415	0.0614012424713	0.136411014898	0.0781241413784	0.0601856040496	0.0876462131573	0.049337013154	0.0987851394774	0.0841064158597	0.111177088687	0.0810431886219	0.0607308383216	0.0966837803401	0.101137940873	0.0361300567643	0.0810488023546	0.0839594587113	0.130312502492	0.0729462421573	0.0702995777799	0.0950068581909	0.0704445075154	0.103993938947	0.0967618397251	0.10164655505	0.138332761256	0.0246490288607	0.0700851812399	0.0803152634167	0.0479447683499	0.0938459338786	0.0931568202298	0.0774831381131	0.07986317421	0.125028317795	0.155186177137	0.136335694978	0.200135584954	0.0853026988379	0.127212211037	0.12812300231	0.0434582141028	0.11593160941	0.0670604569769	0.0643284228113	0.10448015687	0.110570544893	0.0898854921026
8627	0.1965898942	0.0909998357394	0.095238344786	0.0839644630583	0.0928436252407	0.0900868116823	0.0766698924436	0.0889298084205	0.107892144964	0.212508804488	0.107045448336	0.175550091421	0.068662137422	0.110970443486	0.108746115502	0.125078577104	0.156430653745	0.183281109079	0.0984163010931	0.0689590537475	0.0	0.0867322910485	0.0753878681138	0.132875116969	0.124011254666	0.113500100196	0.10811490356	0.242550995983	0.217766558118	0.0866886781627	0.103294015334	0.126260752443	0.102199013088	0.133108796459	0.052792391653	0.129343292978	0.115514783588	0.0960168175478	0.0828997409316	0.0703390059654	0.108827424803	0.124824224063	0.0912296528635	0.0950574248858	0.0881655930833	0.133586620644	0.10370836429	0.124849721042	0.109269557527	0.121781650118	0.135010795938	0.11349209081	0.11948078932	0.179567031736	0.058908009984	0.13198697356	0.133841417253	0.0999563334798	0.112851034785	0.105607721635	0.0741518052405	0.123835145264	0.12611410457	0.171062648028	0.136615020046	0.210807834069	0.105647096988	0.173020882624	0.141642275186	0.0970709152539	0.135602820126	0.077037149996	0.112130757595	0.122649719171	0.151081932889	0.11764285918
8628	0.145751853594	0.0857828477919	0.115793773153	0.057273020701	0.0706623352511	0.0610872935736	0.0677484679808	0.0987303781831	0.0954099163758	0.243917996233	0.10400478469	0.148025712926	0.0596992772078	0.0607270312698	0.109668616709	0.0764884605426	0.183852781462	0.159207884926	0.108786977104	0.0479451446829	0.0867322910485	0.0	0.115812445385	0.136185176909	0.105335076479	0.136224526912	0.0546644577214	0.172742270436	0.157614196742	0.0878116738204	0.15020823718	0.112779086575	0.0581197623269	0.108780289916	0.0790422167161	0.128677051727	0.105981520746	0.103443786833	0.0743671944432	0.0868495043057	0.104815155971	0.134369206285	0.0767425702917	0.109723652825	0.121866094571	0.147549030137	0.0961360417223	0.110103345941	0.102560143371	0.0904766030269	0.135301057074	0.123403702413	0.128398276334	0.171299891007	0.0489822093306	0.0981791840595	0.0961326622839	0.0863299060206	0.126173246295	0.119299394848	0.101035882297	0.0752619193521	0.124703181804	0.16951722161	0.132366110782	0.237171728999	0.100895362264	0.143437190046	0.147196816644	0.0728858850486	0.143167539882	0.0858222085852	0.0752683416406	0.139444210477	0.151197531359	0.116957338394
8629	0.217081138018	0.145384343287	0.086475863907	0.110848836085	0.120621984305	0.134319117717	0.115366936167	0.14358901859	0.153693302032	0.239770954606	0.133872318365	0.146061397098	0.0980954321149	0.141852595778	0.161981598537	0.139809499883	0.166938784194	0.225756283958	0.134882732656	0.109370363651	0.0753878681138	0.115812445385	0.0	0.193859660178	0.178215259912	0.113850533243	0.113613706363	0.233882494988	0.25962539048	0.134111410895	0.147644598188	0.176762385922	0.131128690093	0.176807883222	0.0976672552106	0.185011438851	0.15922096363	0.141551365857	0.109740661845	0.129103704724	0.158431933891	0.090573801323	0.124424720945	0.107618727072	0.141179542924	0.162967918813	0.144819004737	0.169433786253	0.151790810137	0.170679027864	0.183341217687	0.174258926069	0.167876054475	0.236710146968	0.112754351763	0.159057776775	0.174763017998	0.102353107397	0.167982720542	0.171621743749	0.0904806960019	0.173656132186	0.144837912137	0.131041710795	0.185735924719	0.162824967904	0.092724119441	0.176594256033	0.127526889409	0.13912388008	0.0942547480461	0.0532046649033	0.11256299427	0.113168791626	0.156079228296	0.115336386245
8630	0.162471571158	0.071601969198	0.155131024918	0.102824863449	0.103683991602	0.095334608357	0.100617601772	0.0872424371634	0.0746264033121	0.1982848197	0.113755173835	0.222272155079	0.119387537621	0.110142348581	0.07778977147	0.105964933754	0.165184079459	0.0974654528701	0.113830307305	0.101809178795	0.132875116969	0.136185176909	0.193859660178	0.0	0.0547617892371	0.17890306996	0.136053683288	0.210079775219	0.140161722917	0.0824598598751	0.131997278536	0.0608406004352	0.107220661802	0.105649044892	0.113714606099	0.0698804389438	0.0839634129788	0.0999734275045	0.158376874447	0.0930090895941	0.0921595530025	0.179307575171	0.0888905795684	0.12549253875	0.11103549458	0.136955079173	0.109283777356	0.0675787665013	0.107161466726	0.0772037222095	0.108957519957	0.0880272383929	0.115002314324	0.0909887677762	0.103058368797	0.09863863773	0.101816289085	0.119084842466	0.112877984079	0.0757187523483	0.131130429736	0.122749627516	0.188545305387	0.20735511365	0.179414155745	0.231600134357	0.166856786138	0.136376246516	0.178647233939	0.0842452843125	0.149405669961	0.154386847481	0.136312015877	0.15609880793	0.126616577507	0.140939993008
8631	0.164070798861	0.0632152897312	0.137661886879	0.0790675559085	0.0844162281667	0.0831899120248	0.0788608780735	0.0770320650967	0.0688908919626	0.218361162087	0.134979429085	0.213654392832	0.0934613631104	0.0855570032093	0.0750563320115	0.0937105740722	0.160526860265	0.0992818126707	0.123992038278	0.0777234284559	0.124011254666	0.105335076479	0.178215259912	0.0547617892371	0.0	0.14254267286	0.116096098645	0.207821498633	0.137665818956	0.0858180266959	0.139422651311	0.0621993477226	0.097289394712	0.0976031757472	0.10267095835	0.104460010663	0.0864845397098	0.0968273737944	0.144599212638	0.103134404243	0.0908275394947	0.158091851125	0.0777856855721	0.108252520703	0.116064502218	0.126847102665	0.111565511183	0.0776521061091	0.108440129908	0.0728472978874	0.126282931349	0.0930837580755	0.117252550069	0.0943514311201	0.0740690587422	0.0901304587606	0.0971054429307	0.0974634457769	0.117190572671	0.074133477246	0.137632388899	0.101170193397	0.158047787443	0.183605917459	0.143055576486	0.249165446287	0.13632880484	0.154993208689	0.181774615395	0.0634258736001	0.154319238263	0.132761574612	0.111360906499	0.150886616094	0.154509156462	0.128138451479
8632	0.278041253434	0.178276147354	0.184819825259	0.167293308726	0.173707397924	0.16614002176	0.135606228159	0.16262746261	0.200107333722	0.256371801701	0.19393791704	0.222389737356	0.156477795318	0.157362819523	0.147443329448	0.202815514353	0.129118191101	0.217710964959	0.195676148786	0.15815476866	0.113500100196	0.136224526912	0.113850533243	0.17890306996	0.14254267286	0.0	0.181410930099	0.304846778121	0.242897334378	0.180771168564	0.155565632851	0.194952037528	0.188905988738	0.211688597478	0.148899862794	0.229187791095	0.170974429549	0.140506613967	0.17195691083	0.168168621679	0.16877211804	0.176083326539	0.182140347922	0.169551947381	0.178326584596	0.132293922491	0.173093201809	0.210854822559	0.162297911061	0.182983818933	0.209332659438	0.153868742968	0.184552522468	0.201843634124	0.142038427534	0.188317686562	0.192593033747	0.182562731876	0.193867920794	0.143256903466	0.164713800387	0.166482933418	0.132594412301	0.158801977227	0.164474103323	0.266238186214	0.159210959951	0.252481724056	0.216331239286	0.184447902694	0.166252889122	0.135504900837	0.167741049154	0.20778170021	0.240591240178	0.194093387495
190	0.133079351954	0.0798171944087	0.0969875365151	0.0521363939413	0.0521922286279	0.0567610371138	0.0664663414077	0.119953948708	0.0892923341152	0.2428575121	0.0989287906956	0.133880555277	0.0678236364641	0.0737564603929	0.135672777695	0.057233442342	0.20404294234	0.164503962661	0.112359118481	0.0616071670771	0.10811490356	0.0546644577214	0.113613706363	0.136053683288	0.116096098645	0.181410930099	0.0	0.169040035235	0.177773576973	0.0850342547429	0.164644367538	0.11395392352	0.0501915390356	0.109326962097	0.0909619659421	0.112526190379	0.106974372037	0.10304512703	0.0689820837356	0.106112597883	0.102192025219	0.136518912318	0.0645702567612	0.101038356384	0.12898438383	0.186845658071	0.127165863047	0.108405365384	0.133493029315	0.102634168252	0.151294812397	0.152648588125	0.157626134687	0.179865184678	0.0800969020929	0.0855922971296	0.114195154386	0.0840908855826	0.130527568011	0.128109396682	0.0883383575969	0.10822153067	0.161230779647	0.181206458928	0.166082046768	0.220055108516	0.103439080613	0.115059661189	0.140329904099	0.0726422510852	0.156836291945	0.087178782042	0.0888290885967	0.138879215028	0.140458509225	0.118620812699
189	0.0977972119782	0.179404306298	0.187114449719	0.184607715217	0.191908429973	0.171674303563	0.217538140662	0.228916834621	0.15391038125	0.331633561713	0.215449969956	0.182148436451	0.20219676348	0.171938382357	0.251387380304	0.133476797219	0.34348612489	0.160851261491	0.219001263253	0.182339034122	0.242550995983	0.172742270436	0.233882494988	0.210079775219	0.207821498633	0.304846778121	0.169040035235	0.0	0.125093312067	0.200149573387	0.305055816207	0.163415243035	0.151191179605	0.136638710085	0.224791655079	0.1737277351	0.250718852409	0.215054486756	0.191880844409	0.230453316281	0.184226627281	0.192985872993	0.160971775884	0.194493437661	0.239984012352	0.259085985102	0.195217535224	0.164891756594	0.226354373814	0.142496261466	0.229645711571	0.225745278467	0.219364587143	0.247035021607	0.198534632525	0.155362891738	0.148690866804	0.167152981965	0.234582473717	0.269063818405	0.232149348698	0.169384523498	0.246803617466	0.219965096184	0.237086340205	0.258407446921	0.173724363639	0.128537503476	0.184190046104	0.154907561449	0.199495126448	0.20857688551	0.148949062563	0.17126183428	0.195404400721	0.15600531482
187	0.10263226355	0.143829937202	0.234957061621	0.174829001942	0.183316888948	0.148278955319	0.176744135066	0.184030560594	0.129627440679	0.269942206385	0.209975337669	0.24264893042	0.197346151222	0.165123545286	0.184061605177	0.145744950917	0.283514464126	0.0823064996052	0.20492544236	0.174105655415	0.217766558118	0.157614196742	0.25962539048	0.140161722917	0.137665818956	0.242897334378	0.177773576973	0.125093312067	0.0	0.167925511672	0.23986237185	0.115742054126	0.138473823026	0.100847150756	0.207447726742	0.152201875811	0.190379129871	0.146465367769	0.194461985505	0.199678888626	0.124928252942	0.237189659778	0.165836772664	0.212283815991	0.225446831941	0.221044775829	0.180684132392	0.15102036058	0.195788531918	0.11828054484	0.196136710939	0.188928732499	0.195581210054	0.169082977438	0.176157328121	0.14951340849	0.126683685976	0.194450843332	0.218642994155	0.198548293875	0.237099933341	0.141481482183	0.208678624382	0.257619480548	0.185318762324	0.299088424509	0.222458271935	0.152752063238	0.218862555978	0.141806427118	0.237479406781	0.23282501304	0.163768460578	0.210420255826	0.20949703406	0.194994768031
8633	0.156487666785	0.0605273296439	0.1054105053	0.0657542298217	0.0754221788949	0.0609672622336	0.0579971058325	0.0732686943038	0.061981177366	0.200831054741	0.0962655134448	0.20189684802	0.0619414366589	0.103120516159	0.0854433248741	0.108902850297	0.171550649571	0.143692096584	0.0753254231307	0.0614012424713	0.0866886781627	0.0878116738204	0.134111410895	0.0824598598751	0.0858180266959	0.180771168564	0.0850342547429	0.200149573387	0.167925511672	0.0	0.113744652354	0.0693759962314	0.0705153724296	0.0827516691308	0.0610783166715	0.0683748382332	0.0736233476691	0.0957954580796	0.0980535222926	0.0396642770739	0.078687470001	0.149164731797	0.0709564246367	0.117537141707	0.0936698898449	0.125794600893	0.0855186763188	0.0665251937552	0.102638824928	0.0902040252661	0.102238491601	0.103094955273	0.115015645468	0.121312568354	0.0663415049241	0.101935394257	0.0973563345046	0.0996943748114	0.105074994131	0.0804273079893	0.0870038504883	0.116437254046	0.152819605109	0.202757903819	0.15546184316	0.202151074045	0.142507489413	0.143589836824	0.164908428588	0.0632079871902	0.134064703631	0.113322161511	0.109350520027	0.128923935296	0.115668405509	0.113368754598
8634	0.262831203498	0.141787234943	0.140923997497	0.137939732908	0.149242173733	0.145744054636	0.11032603003	0.130314986219	0.156296769169	0.145805607754	0.136036617606	0.23154315952	0.11623333337	0.176374446433	0.0857916737538	0.188054648809	0.160863975795	0.196373926181	0.10572724567	0.136411014898	0.103294015334	0.15020823718	0.147644598188	0.131997278536	0.139422651311	0.155565632851	0.164644367538	0.305055816207	0.23986237185	0.113744652354	0.0	0.149371369009	0.160231944838	0.18856352625	0.109314151438	0.154320773311	0.0773466680757	0.134814535517	0.158436324065	0.097416383717	0.143997694068	0.193273450291	0.163013966824	0.152764418094	0.0981308009829	0.132194934198	0.124597440597	0.164809237614	0.109276059262	0.185459092425	0.11028616557	0.137560183003	0.153041512036	0.157343120482	0.132907440959	0.197091079021	0.201042453867	0.160518047797	0.112538853239	0.0995679581863	0.0993235751083	0.195225475991	0.196322771058	0.243003364826	0.196538789591	0.251570171778	0.17828964811	0.247927243801	0.210770771001	0.157754911579	0.178100645989	0.141093858953	0.172341702049	0.180681648885	0.158866264428	0.167385067285
8635	0.120061438664	0.0485117143927	0.131890488992	0.08042333279	0.0832844272881	0.0725173123517	0.0774763013713	0.0848882914084	0.0318885033236	0.208030601598	0.121887418921	0.20899405233	0.0931401755463	0.102684497192	0.0979130207215	0.0908736886585	0.187247238939	0.0866114726697	0.108724145283	0.0781241413784	0.126260752443	0.112779086575	0.176762385922	0.0608406004352	0.0621993477226	0.194952037528	0.11395392352	0.163415243035	0.115742054126	0.0693759962314	0.149371369009	0.0	0.0776220897308	0.0514388855132	0.102015495879	0.0658234133868	0.094650699023	0.0943840912879	0.141717114267	0.0925585840314	0.0607047282959	0.156862763628	0.0707940123466	0.1222275325	0.113072173031	0.141509265881	0.103345944378	0.0701166941597	0.115307632538	0.0553926332034	0.113816966207	0.110683737246	0.129290354261	0.12400332934	0.08857508539	0.0953784451749	0.093789185624	0.0979441486785	0.12371037838	0.112433666317	0.131670161476	0.119903961007	0.180301963547	0.203999784677	0.167251987321	0.227734095387	0.151186725482	0.127678399785	0.17465879834	0.0578871430617	0.152696167205	0.138598270932	0.112731493388	0.139193047125	0.140030433635	0.123008865236
8636	0.107279972473	0.0485895811788	0.116662723661	0.0624104621948	0.0693312484286	0.032819438746	0.079750185535	0.1139443434	0.0532957717886	0.252439495502	0.117202681341	0.16919660145	0.0696510465772	0.0799588929155	0.132009527483	0.0542437971119	0.213276067201	0.13024676004	0.110853666624	0.0601856040496	0.102199013088	0.0581197623269	0.131128690093	0.107220661802	0.097289394712	0.188905988738	0.0501915390356	0.151191179605	0.138473823026	0.0705153724296	0.160231944838	0.0776220897308	0.0	0.0723407296491	0.0794546523251	0.0864612665034	0.114090274691	0.0710081416725	0.0729635069344	0.0938231960626	0.0605500412646	0.153085914197	0.075394865925	0.122826556588	0.127385939361	0.182949307437	0.121887834531	0.0900467595543	0.142202344901	0.0688736358137	0.151606558083	0.14906447189	0.156450447367	0.17664175463	0.0718720935513	0.0846053756143	0.0999712376124	0.101693844351	0.135819226416	0.126588802759	0.10556151604	0.105791635236	0.156007239333	0.197624340203	0.162603851418	0.23615934722	0.122207680966	0.0987955811721	0.151977664369	0.0578829092029	0.169461253074	0.107629364954	0.101225395285	0.14976872626	0.152019143918	0.131034940124
8637	0.0840022996916	0.0651281209597	0.146314848546	0.0895726796408	0.0975252531213	0.0697050938996	0.10583721533	0.102590795974	0.0423305844139	0.247153277296	0.141622119464	0.205889245925	0.110399321147	0.106339593737	0.14029484227	0.0909506831365	0.230785957853	0.0858010054704	0.114718695157	0.0876462131573	0.133108796459	0.108780289916	0.176807883222	0.105649044892	0.0976031757472	0.211688597478	0.109326962097	0.136638710085	0.100847150756	0.0827516691308	0.18856352625	0.0514388855132	0.0723407296491	0.0	0.123899218759	0.0894610857252	0.137343519992	0.10357916233	0.123704315726	0.114545696974	0.0653727836069	0.151319011184	0.085236301015	0.148712385609	0.143224101752	0.16537606171	0.126244200553	0.0973893500098	0.143424411281	0.0617772368439	0.147505986983	0.14382395703	0.153978299061	0.159822378713	0.0905767835039	0.0968775114547	0.0962193883923	0.113462159509	0.153048952799	0.155448261505	0.153387182329	0.119073982943	0.172177035596	0.207813121158	0.157437249106	0.230594783988	0.145587751501	0.111034946846	0.163638912729	0.066645666114	0.172912854944	0.149224660637	0.113026502166	0.147879101011	0.160993588569	0.137101079321
