	donor	153	154	155	71	72	73	74	75	2	39	30	69	70	55	54	475	470	476	8626	8627	8628	8629	8630	8631	8632	190	189	187	8633	8634	8635	8636	8637	8640	8641	8642	8643	8644	8638	8639	14	19	22	51	52	53	56	57	58	59	63	13	20	21	64	65	60	61	501	458	66	67	68	62	40	41	42	47	48	49	50	43	44	45	46
donor	0.0	0.196610791371	0.18011152393	0.202217541806	0.200770855448	0.224500326069	0.242985459457	0.2368053195	0.211680000155	0.272166719071	0.209096840674	0.181360825341	0.201453036992	0.194780414552	0.238431243715	0.123415000129	0.278456630885	0.228390254019	0.222207098906	0.191620244322	0.244349178918	0.216290161383	0.187449143966	0.227284061231	0.259093527961	0.270704504676	0.209989226018	0.135401258036	0.248931957487	0.25048143951	0.28176931494	0.179223088334	0.158906275654	0.186709037514	0.219267606628	0.151298901227	0.26583870437	0.301527448322	0.253746271168	0.218597813723	0.281912778607	0.176729376014	0.196956248761	0.123755132756	0.220229525063	0.249942245691	0.223827588568	0.155141133634	0.221577784077	0.19761808444	0.203474114396	0.200354509822	0.176378069748	0.235155451765	0.203830955861	0.190743132787	0.20091777802	0.203369739615	0.208751675808	0.281897085993	0.226921613884	0.272239244881	0.268767044434	0.261582221515	0.285961167507	0.220865654977	0.186508268667	0.161239059096	0.192997823564	0.194669748893	0.219079177229	0.207125305471	0.211302691394	0.194169239421	0.205959733429	0.216537600187
153	0.196610791371	0.0	0.112843694504	0.0842237813028	0.0884724813732	0.0874009850216	0.0973709822449	0.134935102046	0.102289634642	0.169271326983	0.115121959038	0.167253760257	0.116693307909	0.127257744292	0.129138807099	0.172647101911	0.173349870865	0.155043847383	0.133121544202	0.0921583891553	0.12947559954	0.127022955532	0.130824924448	0.127887651821	0.137506860524	0.146601474748	0.130791510033	0.208395432108	0.154618509065	0.117469240822	0.136810347793	0.104089840242	0.127262485159	0.120419570765	0.101401804055	0.126992579111	0.1302982041	0.171306358938	0.145520246686	0.0916036123919	0.158056694995	0.161693865	0.127607546055	0.171745296333	0.107198242183	0.133179160961	0.138744783619	0.122990567409	0.130239151835	0.121411938045	0.118262364018	0.131894042439	0.148011456288	0.153379025661	0.112779715244	0.144495632008	0.146038315757	0.141622402765	0.116428350398	0.166286950078	0.130190490085	0.183117306836	0.196150630225	0.199089420343	0.198700714852	0.190084790012	0.15117899619	0.163621142734	0.16685104714	0.10490821507	0.150978994359	0.144104749199	0.139270237478	0.172457560353	0.144576979492	0.15905193586
154	0.18011152393	0.112843694504	0.0	0.110873581612	0.110428774074	0.127334804102	0.139722862743	0.155289506802	0.115189955493	0.211319435825	0.141500707235	0.117547555672	0.110376503905	0.130123030977	0.159981491535	0.151272374122	0.203397132153	0.168791604969	0.122970699045	0.0984356524666	0.147495193708	0.127674504646	0.0887482101593	0.161305721835	0.172876191724	0.180552533215	0.124287029579	0.159749633039	0.191678564665	0.14700294998	0.17025272251	0.134603487334	0.127370590151	0.135566408573	0.124002812398	0.152283332129	0.172949717994	0.206027128639	0.149619958737	0.127275396894	0.190495578446	0.106900632671	0.120590543645	0.153143679399	0.128075342277	0.166090706058	0.143193800275	0.135808658636	0.162873579975	0.139918373097	0.155662130311	0.165717619169	0.152824475271	0.193906481721	0.120418445014	0.13532174381	0.141730533372	0.117695775963	0.143390293768	0.191235810156	0.135668629805	0.194577525377	0.197910061912	0.15682426737	0.215197764053	0.141245204187	0.0938439736817	0.124858443052	0.126963076538	0.121690552863	0.103952180527	0.111876403539	0.119664892355	0.114849803127	0.133552132963	0.1083321135
155	0.202217541806	0.0842237813028	0.110873581612	0.0	0.0936815571191	0.0787980045859	0.0898584002768	0.125779460627	0.0953493374111	0.183783364124	0.105311799119	0.169860785869	0.105571249383	0.124127757218	0.136273462575	0.163482360008	0.172369432394	0.157804146418	0.0989752898804	0.0976357190932	0.121562453377	0.111190663621	0.120441546582	0.134999077458	0.129358131048	0.139420961914	0.114720050465	0.201701302925	0.143740617033	0.0991729235851	0.125710712651	0.117182171393	0.123852033985	0.12275498994	0.0913101424966	0.143750806933	0.141943264171	0.164805941383	0.127204482191	0.094512629155	0.155322281565	0.161919725933	0.109278813512	0.174119597673	0.0992438046604	0.129259397532	0.106316319084	0.128750830635	0.120096513817	0.110793669894	0.123850806435	0.138899239377	0.161508152556	0.159237675874	0.107275492022	0.130082034262	0.135986423658	0.116645418645	0.125813347658	0.171731662058	0.0990460952662	0.154694546219	0.176490350268	0.167608675925	0.186259210298	0.182793861149	0.133087885205	0.173066717967	0.159296824258	0.0852270001437	0.127821305107	0.123889246857	0.120386541469	0.161299744405	0.138618164643	0.136612792654
71	0.200770855448	0.0884724813732	0.110428774074	0.0936815571191	0.0	0.0976720708588	0.0980130907439	0.136196882912	0.0935114731346	0.182846325206	0.11490354457	0.144723547824	0.089867360312	0.103760213428	0.131197519439	0.160303905227	0.170384195399	0.167977243415	0.124315428062	0.0834621184658	0.134859548494	0.116240921766	0.114833388875	0.127805026543	0.157931521614	0.139335289965	0.104673269311	0.200150258738	0.181750918493	0.125419220131	0.153734484796	0.101426794087	0.13016384326	0.110810610445	0.105752673823	0.138023310686	0.153936600682	0.189803733492	0.145014013481	0.103766517752	0.173298804313	0.157160084347	0.127706230486	0.158198737693	0.10673560078	0.134852234757	0.10648129607	0.103011320056	0.117600590192	0.107511853835	0.113144220907	0.132438764609	0.142858025313	0.167739833523	0.101650155368	0.115154288811	0.112876808793	0.112993134688	0.103969353266	0.169497898614	0.132282997705	0.179637501317	0.192145091755	0.178891262322	0.210650593246	0.184879221506	0.135754121249	0.153492437428	0.147013057705	0.0981430035993	0.120479418788	0.116991151164	0.113224196509	0.136932310272	0.123615689635	0.124474810594
72	0.224500326069	0.0874009850216	0.127334804102	0.0787980045859	0.0976720708588	0.0	0.0646466431961	0.128352124958	0.0779842836834	0.20890998775	0.148637866866	0.179688800677	0.118436844057	0.132186206616	0.141386316923	0.164897059302	0.186011017008	0.143083096838	0.12057251908	0.0967472586292	0.130233485779	0.102068893504	0.115911066147	0.135146643795	0.12112114936	0.145232524591	0.126292842343	0.211031170566	0.141495885319	0.0947982604558	0.129042079113	0.118943618564	0.106514317165	0.123622373227	0.0804144383729	0.140822437932	0.12772226057	0.155104079011	0.138555923835	0.0961356158877	0.143523367412	0.172198301184	0.110472397001	0.186486693298	0.115544206786	0.142868024999	0.126897208853	0.134744040313	0.11900173988	0.126371579126	0.122996635037	0.127244980532	0.171877049471	0.183387021226	0.105871499168	0.143944118412	0.145352397705	0.129755770796	0.130983596554	0.173117597658	0.112027862798	0.162366697628	0.174081287892	0.184043268863	0.182176956712	0.217252122029	0.165947892	0.192502265854	0.163504619903	0.0874779713247	0.140750639114	0.128612128333	0.127518984639	0.166164088214	0.154778508622	0.151416425668
73	0.242985459457	0.0973709822449	0.139722862743	0.0898584002768	0.0980130907439	0.0646466431961	0.0	0.124605488683	0.0880369239431	0.194361340896	0.146711848267	0.19375407471	0.122756919094	0.138050957342	0.125231514368	0.183224070181	0.160518590292	0.141739374921	0.124665930384	0.106576855392	0.136375109507	0.120191692586	0.13530143242	0.125699189461	0.115076667219	0.123331696934	0.124894995518	0.234239673455	0.145203231212	0.0988427111279	0.113522921621	0.117526015859	0.139242819978	0.138553301934	0.0888594264157	0.159481805931	0.117202469208	0.146114743043	0.143015692288	0.104342204951	0.136935642572	0.192966763258	0.137891949204	0.205975216347	0.118914094262	0.138324311248	0.128834747017	0.152300900269	0.132201148597	0.12874863523	0.129704481881	0.145066241368	0.181770694528	0.182369782466	0.124135370902	0.150345476118	0.155302356283	0.139925905819	0.132278951024	0.149521402141	0.120046671898	0.167555019609	0.180871454317	0.18738647949	0.191121851957	0.223035003398	0.170987489246	0.20965944544	0.188585182455	0.111231242039	0.149159966211	0.139601414401	0.130938957091	0.173312377078	0.159995665414	0.15091045889
74	0.2368053195	0.134935102046	0.155289506802	0.125779460627	0.136196882912	0.128352124958	0.124605488683	0.0	0.119719100285	0.195314243789	0.159480918678	0.220390659372	0.130840703765	0.14063164044	0.130367003137	0.178626313486	0.173433014113	0.154024431961	0.134361422577	0.136796075532	0.131791860715	0.120033636187	0.148457026714	0.145369037638	0.130896165075	0.151341039025	0.147477816314	0.252590296127	0.171514975854	0.115916556668	0.136036257727	0.133762393013	0.153493615401	0.156822392315	0.117369720872	0.167770837784	0.148298270691	0.185340367461	0.154368093022	0.111070121003	0.171921585321	0.177377035552	0.117698787564	0.2049783805	0.118630163631	0.123398464561	0.12770824809	0.155271202713	0.127636609879	0.119490093366	0.135581576254	0.124645791048	0.169701463246	0.183831276428	0.105252684709	0.143779142128	0.146198504871	0.1332859292	0.142933892254	0.156418311298	0.128840477239	0.150898823695	0.155177410719	0.182027008244	0.162281298251	0.206960170086	0.161841969309	0.201405653583	0.179110270449	0.115150096407	0.140441363972	0.148594694741	0.148375621048	0.186917576653	0.151181135782	0.149430205049
75	0.211680000155	0.102289634642	0.115189955493	0.0953493374111	0.0935114731346	0.0779842836834	0.0880369239431	0.119719100285	0.0	0.193116722198	0.139727144119	0.173764598543	0.0947843438752	0.114194361631	0.124283583164	0.165092893762	0.177433779613	0.13952932087	0.109603440186	0.0847537076602	0.122085886197	0.112849236604	0.127701994624	0.112362142166	0.130293731693	0.146109752306	0.114481106931	0.192957049302	0.132453553157	0.0980503430986	0.131779179399	0.100635474728	0.133572050119	0.0985064594222	0.0921558314091	0.145314584872	0.13999457233	0.17466065177	0.139362661663	0.103146322177	0.161242923939	0.166767561201	0.122964757431	0.172827984477	0.109847926479	0.128056143463	0.114175822119	0.118366423593	0.114047379476	0.100371944881	0.108413114684	0.122592929965	0.151752546391	0.169293854992	0.100178994805	0.12427033443	0.115708469458	0.123419085535	0.120066000445	0.152461496019	0.131556622463	0.151794932873	0.146457016733	0.154642633241	0.15805917517	0.191780759517	0.14741383963	0.176329249894	0.15896800272	0.0792572070036	0.130097104024	0.122794486746	0.103716732206	0.139336793703	0.13283846809	0.129928360263
2	0.272166719071	0.169271326983	0.211319435825	0.183783364124	0.182846325206	0.20890998775	0.194361340896	0.195314243789	0.193116722198	0.0	0.133819234279	0.236759459673	0.160705643567	0.164587786733	0.133408285858	0.266798107863	0.149925872323	0.206201974975	0.177601717058	0.180413127759	0.18640932701	0.218338800536	0.228866984736	0.157593303997	0.165277358667	0.184000045229	0.175766179483	0.293753184332	0.189829750998	0.180821028177	0.171107294656	0.181495388696	0.244616716176	0.194147425479	0.198353565527	0.220216332163	0.168748569515	0.194613199674	0.209052627012	0.175946236516	0.186693535656	0.251454492919	0.203109693979	0.250860423345	0.162229471505	0.159244221167	0.177771051863	0.185646679364	0.191634563662	0.155698649197	0.170752009005	0.200915567675	0.179074443748	0.126727575917	0.179400006747	0.168758407645	0.181622579373	0.19272658374	0.158839949826	0.176937188961	0.205824547988	0.23053641661	0.249134800339	0.236257369334	0.251313608031	0.218129514956	0.189416364009	0.209783436367	0.236574035505	0.198710672117	0.204004212583	0.20959446513	0.201078677831	0.22473479029	0.166477472162	0.207879119007
39	0.209096840674	0.115121959038	0.141500707235	0.105311799119	0.11490354457	0.148637866866	0.146711848267	0.159480918678	0.139727144119	0.133819234279	0.0	0.18287074407	0.103806048674	0.114265760494	0.131905028216	0.204075352549	0.151876398482	0.170304265989	0.116207613474	0.117564429769	0.137527877912	0.161865769214	0.157241827138	0.142517654819	0.158344460544	0.16561628322	0.116036740882	0.224124580565	0.170595551995	0.139257091342	0.151588942281	0.148926876835	0.172609120411	0.143127079928	0.130086446022	0.170713236218	0.149299813531	0.178558893965	0.141050552852	0.134879033842	0.162921623154	0.201076440625	0.150296690468	0.19002056301	0.119160531879	0.144445099809	0.123928786762	0.136927628237	0.14370168581	0.112720509297	0.137185031594	0.172469034592	0.15187663724	0.157180511005	0.132177397359	0.121908523552	0.141322203292	0.13323268832	0.126489442866	0.172290361869	0.130045101902	0.184573481917	0.20305272392	0.190484949531	0.219375006514	0.159193758372	0.123990150096	0.155956619324	0.171706718812	0.132080827355	0.150375706445	0.137580323454	0.132280630324	0.161548693444	0.121542814213	0.144492587409
30	0.181360825341	0.167253760257	0.117547555672	0.169860785869	0.144723547824	0.179688800677	0.19375407471	0.220390659372	0.173764598543	0.236759459673	0.18287074407	0.0	0.145521208499	0.140065049008	0.198002062295	0.162974012652	0.228644718044	0.225167420782	0.196632261955	0.151098489557	0.21799973243	0.18915500015	0.146616877281	0.194419105955	0.227473408024	0.22723789538	0.158732125738	0.155125626347	0.23391957229	0.21805079976	0.249810601105	0.158815616174	0.161300637285	0.161604176004	0.191462770267	0.185414054012	0.228886946673	0.262132726751	0.219779829794	0.194726829287	0.246545327214	0.136058641854	0.187571804308	0.158394470179	0.19537232692	0.229299795656	0.197886937278	0.144812747357	0.191457522605	0.176646930246	0.180151372601	0.189449486842	0.171302747993	0.218727983695	0.177120284309	0.163152007912	0.172805502371	0.157385324264	0.183965648	0.262894044669	0.211365545017	0.25642663103	0.262535009011	0.204778758215	0.283283089889	0.178105063897	0.137007521717	0.149159841176	0.13907064425	0.177036711027	0.153147859502	0.149734845929	0.171695659453	0.13032033038	0.163961213632	0.161990889356
69	0.201453036992	0.116693307909	0.110376503905	0.105571249383	0.089867360312	0.118436844057	0.122756919094	0.130840703765	0.0947843438752	0.160705643567	0.103806048674	0.145521208499	0.0	0.0586413242538	0.0981460349831	0.164139790247	0.15280019972	0.156400767399	0.103283336226	0.0768527747155	0.12292899757	0.122583525938	0.124277107579	0.131790246569	0.126691381648	0.13533649307	0.0792243515951	0.199618368761	0.157574322412	0.115523763233	0.146718700436	0.116211576657	0.137691034979	0.113904573668	0.111615862391	0.166039836804	0.147403196319	0.18122999562	0.129037564657	0.11507530289	0.166487970361	0.16016911158	0.120528114395	0.164905689786	0.0985073571622	0.121579480806	0.0970353687282	0.11059241266	0.120969185259	0.0903847070114	0.114781400538	0.137863444513	0.136599289328	0.158820054379	0.0960908270907	0.0948073930793	0.10178164146	0.0976972572932	0.106571224288	0.168857653887	0.135789468538	0.17395795652	0.179140425768	0.171988819187	0.19998135026	0.162912605066	0.120852390016	0.161517488538	0.150527831934	0.103034549813	0.113152468183	0.119205848655	0.104067099243	0.132917872762	0.108051312741	0.113570568969
70	0.194780414552	0.127257744292	0.130123030977	0.124127757218	0.103760213428	0.132186206616	0.138050957342	0.14063164044	0.114194361631	0.164587786733	0.114265760494	0.140065049008	0.0586413242538	0.0	0.0980409976608	0.171352520822	0.154546949623	0.152379876863	0.122327351758	0.0855059373317	0.141603980397	0.122772105191	0.140734075611	0.129464979913	0.128315092858	0.133862282175	0.0964202907399	0.193842813856	0.15473367049	0.141240426536	0.176381855787	0.131852110627	0.147940619672	0.11879527601	0.124700727465	0.173355919877	0.15708386558	0.196530473675	0.147777965642	0.125007250474	0.181719465472	0.163787171263	0.129422626104	0.163369561845	0.107216576366	0.125686077611	0.104821408949	0.108619787901	0.119130037225	0.0872351943601	0.115247603894	0.130025560119	0.114621318494	0.149923804791	0.101009193594	0.0811073033087	0.0916184367282	0.107287417574	0.114516848003	0.182480419814	0.153729630238	0.169607630011	0.175008857613	0.163239391893	0.196199743351	0.171890590325	0.118900424014	0.152330383867	0.152570100905	0.113433117521	0.111371708815	0.12148271493	0.104686787054	0.130797572406	0.104240013505	0.11807381916
55	0.238431243715	0.129138807099	0.159981491535	0.136273462575	0.131197519439	0.141386316923	0.125231514368	0.130367003137	0.124283583164	0.133408285858	0.131905028216	0.198002062295	0.0981460349831	0.0980409976608	0.0	0.208103203534	0.117512376126	0.148733206319	0.128469793496	0.116055346429	0.126023899448	0.143304450375	0.161033720096	0.104235151285	0.0866390321805	0.099794437701	0.119469201829	0.249438249701	0.14478293348	0.120119042903	0.121387758286	0.129599480876	0.177502238751	0.141453375518	0.132846012838	0.195393961423	0.122542767936	0.154158543331	0.152543733527	0.110715877264	0.144433161359	0.198029316119	0.156210431293	0.208775333631	0.104814001132	0.0952074016522	0.113975924775	0.147537431111	0.128757904475	0.103993945608	0.120025458801	0.131689578417	0.154967126224	0.123712690365	0.110944266424	0.119784037688	0.123399327377	0.127114315552	0.11330792983	0.120947757935	0.152841534157	0.163953482408	0.168957558454	0.178743282575	0.180969891113	0.196718444403	0.157570123439	0.19682305255	0.187702377447	0.126306411646	0.12671666489	0.140794689646	0.130033545318	0.170930934389	0.130915558611	0.129704750842
54	0.123415000129	0.172647101911	0.151272374122	0.163482360008	0.160303905227	0.164897059302	0.183224070181	0.178626313486	0.165092893762	0.266798107863	0.204075352549	0.162974012652	0.164139790247	0.171352520822	0.208103203534	0.0	0.257025746307	0.213324990897	0.196576053177	0.151308471144	0.204233775431	0.150484893309	0.13420774726	0.199796649872	0.206789914191	0.232778660207	0.170510530885	0.12417879107	0.225502983872	0.181357291576	0.217533273309	0.139974483527	0.115454882394	0.175390485288	0.15772148996	0.112877221894	0.233297485881	0.262958863278	0.214176539416	0.166370009957	0.255716933975	0.160163530963	0.142389410043	0.0975018336648	0.167941654971	0.213262988685	0.178400486675	0.134864492117	0.160197340396	0.167377755277	0.165164260833	0.141263928222	0.177302082138	0.227591630499	0.149070081194	0.162152721384	0.184630147521	0.150265431191	0.174619882306	0.246522055542	0.167599488483	0.21173083244	0.224581306116	0.22169190022	0.242781664519	0.215544625317	0.175116999522	0.176726090568	0.148195869175	0.143420575072	0.172115976864	0.158249798025	0.16983919677	0.162595222351	0.185702469403	0.184321709972
475	0.278456630885	0.173349870865	0.203397132153	0.172369432394	0.170384195399	0.186011017008	0.160518590292	0.173433014113	0.177433779613	0.149925872323	0.151876398482	0.228644718044	0.15280019972	0.154546949623	0.117512376126	0.257025746307	0.0	0.179527808128	0.160783360876	0.174001007256	0.145484779837	0.196379628487	0.201686281727	0.129415399963	0.12765601521	0.126411388753	0.15449380759	0.291618633616	0.190747135682	0.170616031909	0.145713072289	0.173503693588	0.228081298257	0.187859755108	0.178593494254	0.229375244565	0.135784633417	0.151849762169	0.170092164629	0.162905934306	0.14584605465	0.248539791383	0.206878304267	0.25051496103	0.162998995205	0.139209759389	0.167140714356	0.191469076186	0.177864251092	0.162118876437	0.173720715571	0.180040395288	0.20458059664	0.142102793573	0.166512089223	0.168162009787	0.187433761237	0.17760869051	0.155825179201	0.137113360032	0.18994465565	0.193053714494	0.208135702705	0.191031314481	0.214716958618	0.227700376667	0.180350651744	0.232781890289	0.237221325806	0.177428476989	0.187945077635	0.185494740267	0.180971781682	0.224033624854	0.177021253781	0.18189629068
470	0.228390254019	0.155043847383	0.168791604969	0.157804146418	0.167977243415	0.143083096838	0.141739374921	0.154024431961	0.13952932087	0.206201974975	0.170304265989	0.225167420782	0.156400767399	0.152379876863	0.148733206319	0.213324990897	0.179527808128	0.0	0.136738733681	0.155513823962	0.178134207916	0.162489778662	0.189470173742	0.134786289928	0.130631704761	0.165563935248	0.163866998083	0.23644821653	0.124565750647	0.16254104917	0.161775463832	0.148128427065	0.170515351081	0.161178224634	0.162017601784	0.17967921364	0.133401462497	0.160929257213	0.177343991165	0.154261967729	0.141232270457	0.195391880753	0.151907183171	0.218769364536	0.164728670821	0.169577183758	0.167061519588	0.156536168078	0.162513814599	0.143749856339	0.151811631033	0.164381914454	0.168195053811	0.178202000158	0.158017770931	0.154790718815	0.149810201039	0.174200935273	0.174047673284	0.19172601165	0.183937828485	0.21338096297	0.223641943545	0.238611893363	0.224263132661	0.214010104942	0.171042145434	0.1866266457	0.207489561756	0.159815523526	0.188580911093	0.184563994051	0.167861951879	0.191226614109	0.168817403132	0.176140320626
476	0.222207098906	0.133121544202	0.122970699045	0.0989752898804	0.124315428062	0.12057251908	0.124665930384	0.134361422577	0.109603440186	0.177601717058	0.116207613474	0.196632261955	0.103283336226	0.122327351758	0.128469793496	0.196576053177	0.160783360876	0.136738733681	0.0	0.109824558519	0.135224577187	0.141799209166	0.161979452232	0.150304433697	0.126718020505	0.162325033036	0.120731992469	0.213294063014	0.145935199912	0.100433740651	0.133815700349	0.13134581927	0.152819649683	0.114138869481	0.1246381028	0.16305707905	0.139726006461	0.166211140462	0.128001687205	0.109731873692	0.146370700487	0.16813666353	0.12801080095	0.20236189392	0.111174316662	0.124327537958	0.110869003163	0.140181417549	0.149393616956	0.124386877648	0.148859006122	0.169140557937	0.158936864268	0.174442402463	0.127511945218	0.123730026481	0.127430701177	0.126079984542	0.142001236928	0.171448056448	0.130832026298	0.169959424292	0.177043642987	0.177221314321	0.184980888931	0.170296012457	0.133087324903	0.180174164462	0.187682992948	0.118471349996	0.136201985484	0.156555064423	0.112751699649	0.150002727707	0.127403523255	0.13388289127
8626	0.191620244322	0.0921583891553	0.0984356524666	0.0976357190932	0.0834621184658	0.0967472586292	0.106576855392	0.136796075532	0.0847537076602	0.180413127759	0.117564429769	0.151098489557	0.0768527747155	0.0855059373317	0.116055346429	0.151308471144	0.174001007256	0.155513823962	0.109824558519	0.0	0.123382893807	0.101195442914	0.105241191344	0.126428538606	0.132390072921	0.139634252994	0.101589858408	0.181768882538	0.154390788256	0.110824407328	0.148564000925	0.0936557403152	0.117327605104	0.100324656555	0.0936204419434	0.143989143066	0.15152091606	0.185519851363	0.137973830002	0.0985214162239	0.178600756106	0.146023895579	0.106678137695	0.151062284928	0.096740052018	0.122948361017	0.103516666559	0.0981256874002	0.116207560998	0.0946257548379	0.108096326493	0.125007887555	0.118682667171	0.159772059881	0.0769930809011	0.104727138212	0.108736040608	0.102811387873	0.103892412324	0.176206301548	0.131987866929	0.167134053264	0.166534585516	0.164512680823	0.186224716625	0.175075232474	0.120727163899	0.156743643119	0.149249574786	0.0851502823619	0.111153252174	0.109362464151	0.0972728572636	0.13039050538	0.121525931433	0.122404916685
8627	0.244349178918	0.12947559954	0.147495193708	0.121562453377	0.134859548494	0.130233485779	0.136375109507	0.131791860715	0.122085886197	0.18640932701	0.137527877912	0.21799973243	0.12292899757	0.141603980397	0.126023899448	0.204233775431	0.145484779837	0.178134207916	0.135224577187	0.123382893807	0.0	0.132456400391	0.132357613399	0.134388246735	0.13089775312	0.129809322851	0.124590079628	0.259305364224	0.184567799712	0.117596704554	0.127200372174	0.163918857563	0.160017226854	0.167356573022	0.105991020916	0.178512263019	0.135313862732	0.11483401555	0.0734383621101	0.109896024441	0.109846532148	0.198190432203	0.137866354862	0.209583022495	0.108612813235	0.118321906148	0.118930996137	0.170415212527	0.152322247957	0.125795471955	0.146095768636	0.153554538393	0.18451898781	0.182148829954	0.121989070061	0.149006257718	0.156634577618	0.132609875828	0.130950057096	0.12886020044	0.123708528125	0.143964616791	0.156527586122	0.160273784709	0.164850725632	0.197824870423	0.154721025904	0.200891630453	0.202143359559	0.130852400515	0.1509146668	0.131817610314	0.148163283663	0.201683890038	0.151562919607	0.145072569582
8628	0.216290161383	0.127022955532	0.127674504646	0.111190663621	0.116240921766	0.102068893504	0.120191692586	0.120033636187	0.112849236604	0.218338800536	0.161865769214	0.18915500015	0.122583525938	0.122772105191	0.143304450375	0.150484893309	0.196379628487	0.162489778662	0.141799209166	0.101195442914	0.132456400391	0.0	0.0938360018506	0.157609343566	0.130825272462	0.148560694807	0.126663217315	0.203198726911	0.157528639279	0.121932264367	0.155443252155	0.139818478531	0.120676907258	0.147600077128	0.0980607110079	0.15320944732	0.166975768678	0.194701938002	0.152826525632	0.111505990889	0.182021397137	0.157587966881	0.096232213467	0.185408674637	0.113917590847	0.133341070254	0.116736587313	0.134117000614	0.095793195756	0.11901919577	0.128035633724	0.112676529171	0.156706324188	0.186236709465	0.087503833518	0.132449411408	0.130413909783	0.124680135857	0.125519582441	0.188073430817	0.100902644299	0.12591700318	0.150440995623	0.169536877616	0.171493539892	0.206990496371	0.150266551739	0.190219083501	0.158756974851	0.0812680811083	0.119942414364	0.114852454654	0.123585435315	0.163678270378	0.157576583557	0.139938462041
8629	0.187449143966	0.130824924448	0.0887482101593	0.120441546582	0.114833388875	0.115911066147	0.13530143242	0.148457026714	0.127701994624	0.228866984736	0.157241827138	0.146616877281	0.124277107579	0.140734075611	0.161033720096	0.13420774726	0.201686281727	0.189470173742	0.161979452232	0.105241191344	0.132357613399	0.0938360018506	0.0	0.160843323969	0.172102301504	0.17204928449	0.11565589858	0.187077267151	0.208007830528	0.14030120021	0.162134994413	0.144518657859	0.108248010625	0.150961591759	0.101501162235	0.162048318988	0.180181569069	0.201994427924	0.146468725801	0.126295441939	0.193535935207	0.131253955446	0.109720925175	0.147764721159	0.136415048953	0.171827215047	0.142398259336	0.137129534152	0.127449960296	0.142600216494	0.138967203994	0.137993417145	0.168447129861	0.20217791812	0.10823894715	0.145972033587	0.160527288389	0.109544217964	0.139399171651	0.187629606791	0.105489623897	0.178592592692	0.174895240667	0.163483437827	0.206845011462	0.163089239124	0.124322447618	0.140934250938	0.114572364343	0.102319676499	0.110421548822	0.0856686621452	0.124466770527	0.131780711223	0.137506309998	0.124547395781
8630	0.227284061231	0.127887651821	0.161305721835	0.134999077458	0.127805026543	0.135146643795	0.125699189461	0.145369037638	0.112362142166	0.157593303997	0.142517654819	0.194419105955	0.131790246569	0.129464979913	0.104235151285	0.199796649872	0.129415399963	0.134786289928	0.150304433697	0.126428538606	0.134388246735	0.157609343566	0.160843323969	0.0	0.114292695149	0.122867271586	0.138745591462	0.23660003516	0.139956613368	0.143166730749	0.126302975741	0.115343893829	0.171946597494	0.135029153059	0.133331916691	0.170056862033	0.123904027692	0.146224285504	0.152082199674	0.119432467818	0.146247742894	0.197406675761	0.155247532044	0.198663840337	0.136627066288	0.136563139198	0.146201758374	0.133118775077	0.128786489196	0.123934748591	0.118463303229	0.137435171277	0.154955689478	0.120988712079	0.132399632696	0.134906560388	0.148952204189	0.149340747351	0.12728679325	0.128403191139	0.165011830812	0.181941700182	0.196133115046	0.195427554509	0.202370475394	0.207892424727	0.158988789756	0.182515587259	0.183852022283	0.132495528196	0.16229685017	0.139604744059	0.152590770196	0.173712256504	0.145062909149	0.163150154601
8631	0.259093527961	0.137506860524	0.172876191724	0.129358131048	0.157931521614	0.12112114936	0.115076667219	0.130896165075	0.130293731693	0.165277358667	0.158344460544	0.227473408024	0.126691381648	0.128315092858	0.0866390321805	0.206789914191	0.12765601521	0.130631704761	0.126718020505	0.132390072921	0.13089775312	0.130825272462	0.172102301504	0.114292695149	0.0	0.108416735194	0.131466079912	0.257402586989	0.114005026348	0.110859341392	0.105462866768	0.144888566192	0.158764864622	0.171417837082	0.123356753109	0.18725379356	0.104300019593	0.138251805412	0.152620912668	0.120639960207	0.131794197813	0.205587663669	0.145104092341	0.219803809754	0.11629311919	0.117323741894	0.130892320873	0.16648926137	0.138214587267	0.124665333277	0.144690435528	0.133330076867	0.182269687579	0.144230683245	0.134478366618	0.148243153906	0.156779910012	0.143287939963	0.133797478	0.133892639868	0.141366774755	0.151568384409	0.177802738183	0.18036310206	0.179476435768	0.222718420569	0.169778796712	0.224315524048	0.207533900496	0.129131299966	0.152306618048	0.154883905979	0.14548205051	0.199753639143	0.165332788327	0.157755729711
8632	0.270704504676	0.146601474748	0.180552533215	0.139420961914	0.139335289965	0.145232524591	0.123331696934	0.151341039025	0.146109752306	0.184000045229	0.16561628322	0.22723789538	0.13533649307	0.133862282175	0.099794437701	0.232778660207	0.126411388753	0.165563935248	0.162325033036	0.139634252994	0.129809322851	0.148560694807	0.17204928449	0.122867271586	0.108416735194	0.0	0.133455933252	0.262826102299	0.165342272037	0.135085992599	0.125959348528	0.153760688701	0.197969464798	0.175170085636	0.146717015617	0.213234368992	0.131499568336	0.145216524853	0.150588229937	0.143316552681	0.145909539302	0.22538111218	0.178266533295	0.228253997173	0.13678415938	0.102253769725	0.121212383425	0.18331001129	0.149349795311	0.133847286247	0.158204099225	0.154849991582	0.191706185439	0.158682521952	0.140279522971	0.160365460434	0.150882777654	0.151050883198	0.143483875325	0.135660459919	0.172382348113	0.162335190617	0.173109242198	0.172183157727	0.185358190233	0.23629870875	0.175928192447	0.234207024765	0.226333873178	0.150950602135	0.153905129135	0.16440194137	0.14199933293	0.212011393216	0.174100111564	0.154128483281
190	0.209989226018	0.130791510033	0.124287029579	0.114720050465	0.104673269311	0.126292842343	0.124894995518	0.147477816314	0.114481106931	0.175766179483	0.116036740882	0.158732125738	0.0792243515951	0.0964202907399	0.119469201829	0.170510530885	0.15449380759	0.163866998083	0.120731992469	0.101589858408	0.124590079628	0.126663217315	0.11565589858	0.138745591462	0.131466079912	0.133455933252	0.0	0.196516641238	0.163596275268	0.11733202149	0.156366696482	0.140110577269	0.142135220637	0.14759853693	0.111111313726	0.170631274257	0.143323001836	0.165794082372	0.128740859792	0.113171084574	0.154087099488	0.170929035778	0.120061180095	0.163342049297	0.106678691978	0.139491636192	0.113256038474	0.127731669093	0.128802475307	0.109649154643	0.124992666533	0.147619562852	0.154142891066	0.185420277916	0.111134499436	0.0982956545643	0.125252668974	0.0956140167978	0.105688556129	0.16750784893	0.125757428461	0.17556168493	0.184223271346	0.163663766071	0.20400000125	0.163814701676	0.121339725529	0.158284206374	0.152537243797	0.118419923903	0.121171551835	0.11387538333	0.110064937345	0.148173826655	0.113011418925	0.116869311619
189	0.135401258036	0.208395432108	0.159749633039	0.201701302925	0.200150258738	0.211031170566	0.234239673455	0.252590296127	0.192957049302	0.293753184332	0.224124580565	0.155125626347	0.199618368761	0.193842813856	0.249438249701	0.12417879107	0.291618633616	0.23644821653	0.213294063014	0.181768882538	0.259305364224	0.203198726911	0.187077267151	0.23660003516	0.257402586989	0.262826102299	0.196516641238	0.0	0.204524165697	0.232562809265	0.287523351782	0.175562961474	0.174354358854	0.17650598471	0.225607042837	0.157586471755	0.273683946245	0.300269036987	0.255776271349	0.222136827499	0.282962906555	0.164870230812	0.210598942326	0.144742578243	0.22733625332	0.236650444072	0.200492752353	0.168452942235	0.218642949853	0.205331153569	0.217300232225	0.210822580068	0.206061733632	0.255138477041	0.202141823565	0.190538087668	0.191363328436	0.188426516077	0.220519158987	0.298680750246	0.242012011414	0.251435286845	0.247508042163	0.217397009241	0.263377195717	0.209891196616	0.166962935989	0.168396934766	0.174508259591	0.191335650834	0.183912546964	0.204226674247	0.164273394035	0.156468027008	0.204151079242	0.187108301833
187	0.248931957487	0.154618509065	0.191678564665	0.143740617033	0.181750918493	0.141495885319	0.145203231212	0.171514975854	0.132453553157	0.189829750998	0.170595551995	0.23391957229	0.157574322412	0.15473367049	0.14478293348	0.225502983872	0.190747135682	0.124565750647	0.145935199912	0.154390788256	0.184567799712	0.157528639279	0.208007830528	0.139956613368	0.114005026348	0.165342272037	0.163596275268	0.204524165697	0.0	0.147653680835	0.177221064372	0.157647800189	0.182736630639	0.15732212284	0.161888813644	0.192126091549	0.145579908759	0.170202211396	0.195109069324	0.146240516086	0.158617037582	0.214439736457	0.163934217784	0.238445094561	0.15863102828	0.159387583241	0.149882416155	0.172394008839	0.163389624881	0.151782507018	0.163092656828	0.169028561072	0.18658075384	0.157540224635	0.164867267896	0.160090450335	0.159975944826	0.179479717723	0.170420123613	0.19942419362	0.183251770079	0.183026134592	0.187250096005	0.210009000741	0.178871236321	0.22756729787	0.188374955998	0.213512201917	0.220485490748	0.148968261449	0.18937854907	0.198048131277	0.145009625615	0.19722616739	0.181611801256	0.18763371293
8633	0.25048143951	0.117469240822	0.14700294998	0.0991729235851	0.125419220131	0.0947982604558	0.0988427111279	0.115916556668	0.0980503430986	0.180821028177	0.139257091342	0.21805079976	0.115523763233	0.141240426536	0.120119042903	0.181357291576	0.170616031909	0.16254104917	0.100433740651	0.110824407328	0.117596704554	0.121932264367	0.14030120021	0.143166730749	0.110859341392	0.135085992599	0.11733202149	0.232562809265	0.147653680835	0.0	0.0920885507709	0.119271900052	0.151956693951	0.126316089713	0.098058442617	0.156743621431	0.136411078167	0.155360154029	0.131193928772	0.0981563226182	0.147324096741	0.197943577843	0.133683969832	0.209657505675	0.103418166464	0.109570496907	0.100014906228	0.147638439279	0.120481028027	0.118801535274	0.122132086939	0.136410065104	0.17748424665	0.180391293194	0.110825210895	0.132943958135	0.137144170964	0.116036929112	0.126893716232	0.153156525694	0.112089739262	0.143559041767	0.157663617142	0.173819631157	0.166208655234	0.196494265562	0.170101241375	0.205129838215	0.179698164066	0.100038584224	0.131137193693	0.141322747328	0.122890381795	0.163427117011	0.12699947759	0.138919923641
8634	0.28176931494	0.136810347793	0.17025272251	0.125710712651	0.153734484796	0.129042079113	0.113522921621	0.136036257727	0.131779179399	0.171107294656	0.151588942281	0.249810601105	0.146718700436	0.176381855787	0.121387758286	0.217533273309	0.145713072289	0.161775463832	0.133815700349	0.148564000925	0.127200372174	0.155443252155	0.162134994413	0.126302975741	0.105462866768	0.125959348528	0.156366696482	0.287523351782	0.177221064372	0.0920885507709	0.0	0.142651414621	0.182818360655	0.177113389062	0.118051415148	0.188223058645	0.109023920513	0.13193543415	0.136680856904	0.128842035261	0.137913094492	0.230995416097	0.159804695031	0.238716918318	0.136860802368	0.130324673784	0.134136155694	0.189794606225	0.146989308196	0.152224989794	0.159056656443	0.164854581374	0.206945154189	0.179982635656	0.149201794887	0.177417536633	0.185436052459	0.152343584339	0.153085948771	0.107606729365	0.125766669434	0.153865846733	0.174376796525	0.188850627013	0.180613279938	0.222985095782	0.188150764111	0.245967503178	0.21525158159	0.138046894107	0.16200643991	0.155718506548	0.158442050691	0.208336458659	0.168036345478	0.165701574547
8635	0.179223088334	0.104089840242	0.134603487334	0.117182171393	0.101426794087	0.118943618564	0.117526015859	0.133762393013	0.100635474728	0.181495388696	0.148926876835	0.158815616174	0.116211576657	0.131852110627	0.129599480876	0.139974483527	0.173503693588	0.148128427065	0.13134581927	0.0936557403152	0.163918857563	0.139818478531	0.144518657859	0.115343893829	0.144888566192	0.153760688701	0.140110577269	0.175562961474	0.157647800189	0.119271900052	0.142651414621	0.0	0.122458856658	0.0952372695884	0.130425070664	0.115078043625	0.15529488856	0.194365710183	0.178541096022	0.109918980235	0.187285861379	0.162941571815	0.138962646891	0.148415816275	0.132235549582	0.136529462401	0.134574013859	0.0921076725792	0.122486946054	0.114055079519	0.109990951081	0.108357358765	0.136819911732	0.144604709406	0.113012327835	0.129757031867	0.125278888442	0.139235128472	0.130449996128	0.176326979595	0.165951344803	0.195609391337	0.193804841542	0.204220777712	0.205001882761	0.195507645581	0.152887481717	0.165642846047	0.156845533849	0.108166674497	0.147932157791	0.151278027134	0.128549651638	0.141961491498	0.136473222858	0.147376372197
8636	0.158906275654	0.127262485159	0.127370590151	0.123852033985	0.13016384326	0.106514317165	0.139242819978	0.153493615401	0.133572050119	0.244616716176	0.172609120411	0.161300637285	0.137691034979	0.147940619672	0.177502238751	0.115454882394	0.228081298257	0.170515351081	0.152819649683	0.117327605104	0.160017226854	0.120676907258	0.108248010625	0.171946597494	0.158764864622	0.197969464798	0.142135220637	0.174354358854	0.182736630639	0.151956693951	0.182818360655	0.122458856658	0.0	0.147785146866	0.110651865575	0.115451117625	0.169991404704	0.206894905739	0.16905090481	0.127661716154	0.191553390658	0.149768132511	0.112581469233	0.120506158643	0.143178744903	0.190867699048	0.159683364213	0.115622797959	0.148134684568	0.15334669027	0.149089385208	0.130990164775	0.16335728762	0.213531620897	0.134883312787	0.162184979496	0.162969443902	0.149951999653	0.149222316961	0.218290029073	0.140797531176	0.199498369773	0.204550850259	0.218061002458	0.218678753445	0.199703429069	0.170760183135	0.164905575554	0.145329742284	0.116675781642	0.158233705998	0.144512072641	0.159039482031	0.16540264124	0.173349797813	0.167135526373
8637	0.186709037514	0.120419570765	0.135566408573	0.12275498994	0.110810610445	0.123622373227	0.138553301934	0.156822392315	0.0985064594222	0.194147425479	0.143127079928	0.161604176004	0.113904573668	0.11879527601	0.141453375518	0.175390485288	0.187859755108	0.161178224634	0.114138869481	0.100324656555	0.167356573022	0.147600077128	0.150961591759	0.135029153059	0.171417837082	0.175170085636	0.14759853693	0.17650598471	0.15732212284	0.126316089713	0.177113389062	0.0952372695884	0.147785146866	0.0	0.142495085938	0.146605521636	0.181486544786	0.210913140321	0.177295860051	0.120664368441	0.186354570532	0.163690790431	0.16005361259	0.18027956186	0.145729271639	0.143290205224	0.132122944812	0.105266584331	0.142827812744	0.117703192033	0.127599990411	0.139983819557	0.141950933006	0.149482735751	0.118338009963	0.131390980111	0.107612318335	0.148532684396	0.148401729071	0.190618725924	0.178268316677	0.200622982905	0.183717251831	0.202799587059	0.195527505602	0.18990975918	0.153572199772	0.151954441778	0.164240203895	0.118311292452	0.148220808649	0.154682997078	0.134026311943	0.125558654428	0.140668058815	0.153984999417
8640	0.219267606628	0.101401804055	0.124002812398	0.0913101424966	0.105752673823	0.0804144383729	0.0888594264157	0.117369720872	0.0921558314091	0.198353565527	0.130086446022	0.191462770267	0.111615862391	0.124700727465	0.132846012838	0.15772148996	0.178593494254	0.162017601784	0.1246381028	0.0936204419434	0.105991020916	0.0980607110079	0.101501162235	0.133331916691	0.123356753109	0.146717015617	0.111111313726	0.225607042837	0.161888813644	0.098058442617	0.118051415148	0.130425070664	0.110651865575	0.142495085938	0.0	0.138336051995	0.115968242421	0.144896649658	0.106627467871	0.0824860147254	0.146012467398	0.178250937389	0.101581813742	0.185023457267	0.0965838824695	0.141583425613	0.113698993627	0.140164611521	0.126063755099	0.119891909589	0.127836404708	0.126158912004	0.165757372477	0.192182092752	0.106389289096	0.126758469066	0.146193749119	0.112040194464	0.113152940283	0.14184201734	0.0840013487087	0.13997532451	0.154178949689	0.158304786834	0.168886845557	0.194989050161	0.149980201083	0.182253512545	0.156359977183	0.0842475662969	0.123305404935	0.101550427562	0.116979451843	0.161413974352	0.136197012863	0.134911289139
